  1.495041945361e+011  5.353029007478e+009
  1.495031222348e+011  5.382809710052e+009
  1.495020439728e+011  5.412590198049e+009
  1.495009597501e+011  5.442370470281e+009
  1.494998695668e+011  5.472150525561e+009
  1.494987734228e+011  5.501930362702e+009
  1.494976713183e+011  5.531709980518e+009
  1.494965632532e+011  5.561489377821e+009
  1.494954492277e+011  5.591268553425e+009
  1.494943292417e+011  5.621047506143e+009
  1.494932032953e+011  5.650826234787e+009
  1.494920713886e+011  5.680604738171e+009
  1.494909335215e+011  5.710383015109e+009
  1.494897896942e+011  5.740161064412e+009
  1.494886399067e+011  5.769938884895e+009
  1.494874841590e+011  5.799716475370e+009
  1.494863224512e+011  5.829493834651e+009
  1.494851547832e+011  5.859270961550e+009
  1.494839811553e+011  5.889047854882e+009
  1.494828015673e+011  5.918824513459e+009
  1.494816160195e+011  5.948600936094e+009
  1.494804245117e+011  5.978377121600e+009
  1.494792270440e+011  6.008153068792e+009
  1.494780236166e+011  6.037928776481e+009
  1.494768142294e+011  6.067704243481e+009
  1.494755988825e+011  6.097479468606e+009
  1.494743775759e+011  6.127254450669e+009
  1.494731503097e+011  6.157029188482e+009
  1.494719170840e+011  6.186803680860e+009
  1.494706778987e+011  6.216577926615e+009
  1.494694327540e+011  6.246351924561e+009
  1.494681816498e+011  6.276125673511e+009
  1.494669245863e+011  6.305899172279e+009
  1.494656615634e+011  6.335672419677e+009
  1.494643925813e+011  6.365445414519e+009
  1.494631176400e+011  6.395218155618e+009
  1.494618367395e+011  6.424990641788e+009
  1.494605498798e+011  6.454762871843e+009
  1.494592570611e+011  6.484534844594e+009
  1.494579582834e+011  6.514306558857e+009
  1.494566535467e+011  6.544078013443e+009
  1.494553428511e+011  6.573849207167e+009
  1.494540261966e+011  6.603620138842e+009
  1.494527035833e+011  6.633390807281e+009
  1.494513750113e+011  6.663161211298e+009
  1.494500404805e+011  6.692931349707e+009
  1.494486999911e+011  6.722701221320e+009
  1.494473535431e+011  6.752470824951e+009
  1.494460011365e+011  6.782240159413e+009
  1.494446427714e+011  6.812009223521e+009
  1.494432784479e+011  6.841778016087e+009
  1.494419081659e+011  6.871546535925e+009
  1.494405319257e+011  6.901314781849e+009
  1.494391497271e+011  6.931082752671e+009
  1.494377615704e+011  6.960850447207e+009
  1.494363674554e+011  6.990617864268e+009
  1.494349673823e+011  7.020385002669e+009
  1.494335613512e+011  7.050151861223e+009
  1.494321493621e+011  7.079918438744e+009
  1.494307314149e+011  7.109684734045e+009
  1.494293075099e+011  7.139450745940e+009
  1.494278776471e+011  7.169216473242e+009
  1.494264418265e+011  7.198981914766e+009
  1.494250000481e+011  7.228747069324e+009
  1.494235523120e+011  7.258511935731e+009
  1.494220986184e+011  7.288276512799e+009
  1.494206389672e+011  7.318040799344e+009
  1.494191733584e+011  7.347804794177e+009
  1.494177017923e+011  7.377568496114e+009
  1.494162242687e+011  7.407331903967e+009
  1.494147407878e+011  7.437095016551e+009
  1.494132513496e+011  7.466857832678e+009
  1.494117559543e+011  7.496620351164e+009
  1.494102546017e+011  7.526382570821e+009
  1.494087472921e+011  7.556144490463e+009
  1.494072340254e+011  7.585906108904e+009
  1.494057148018e+011  7.615667424958e+009
  1.494041896212e+011  7.645428437439e+009
  1.494026584838e+011  7.675189145160e+009
  1.494011213896e+011  7.704949546935e+009
  1.493995783387e+011  7.734709641578e+009
  1.493980293310e+011  7.764469427903e+009
  1.493964743668e+011  7.794228904723e+009
  1.493949134460e+011  7.823988070853e+009
  1.493933465687e+011  7.853746925106e+009
  1.493917737350e+011  7.883505466296e+009
  1.493901949449e+011  7.913263693237e+009
  1.493886101985e+011  7.943021604744e+009
  1.493870194958e+011  7.972779199629e+009
  1.493854228370e+011  8.002536476707e+009
  1.493838202220e+011  8.032293434791e+009
  1.493822116510e+011  8.062050072696e+009
  1.493805971240e+011  8.091806389236e+009
  1.493789766411e+011  8.121562383224e+009
  1.493773502022e+011  8.151318053475e+009
  1.493757178076e+011  8.181073398802e+009
  1.493740794573e+011  8.210828418020e+009
  1.493724351513e+011  8.240583109942e+009
  1.493707848896e+011  8.270337473383e+009
  1.493691286724e+011  8.300091507157e+009
  1.493674664998e+011  8.329845210077e+009
  1.493657983717e+011  8.359598580958e+009
  1.493641242882e+011  8.389351618613e+009
  1.493624442495e+011  8.419104321858e+009
  1.493607582556e+011  8.448856689505e+009
  1.493590663065e+011  8.478608720370e+009
  1.493573684023e+011  8.508360413265e+009
  1.493556645431e+011  8.538111767006e+009
  1.493539547290e+011  8.567862780407e+009
  1.493522389599e+011  8.597613452281e+009
  1.493505172361e+011  8.627363781443e+009
  1.493487895575e+011  8.657113766707e+009
  1.493470559242e+011  8.686863406888e+009
  1.493453163363e+011  8.716612700799e+009
  1.493435707938e+011  8.746361647254e+009
  1.493418192969e+011  8.776110245068e+009
  1.493400618456e+011  8.805858493056e+009
  1.493382984399e+011  8.835606390031e+009
  1.493365290799e+011  8.865353934808e+009
  1.493347537658e+011  8.895101126201e+009
  1.493329724975e+011  8.924847963024e+009
  1.493311852752e+011  8.954594444092e+009
  1.493293920988e+011  8.984340568219e+009
  1.493275929686e+011  9.014086334219e+009
  1.493257878845e+011  9.043831740907e+009
  1.493239768466e+011  9.073576787097e+009
  1.493221598550e+011  9.103321471603e+009
  1.493203369097e+011  9.133065793241e+009
  1.493185080109e+011  9.162809750824e+009
  1.493166731587e+011  9.192553343166e+009
  1.493148323529e+011  9.222296569083e+009
  1.493129855939e+011  9.252039427388e+009
  1.493111328815e+011  9.281781916897e+009
  1.493092742160e+011  9.311524036423e+009
  1.493074095973e+011  9.341265784781e+009
  1.493055390256e+011  9.371007160786e+009
  1.493036625008e+011  9.400748163252e+009
  1.493017800232e+011  9.430488790994e+009
  1.492998915927e+011  9.460229042826e+009
  1.492979972095e+011  9.489968917562e+009
  1.492960968736e+011  9.519708414019e+009
  1.492941905850e+011  9.549447531009e+009
  1.492922783439e+011  9.579186267348e+009
  1.492903601504e+011  9.608924621850e+009
  1.492884360045e+011  9.638662593330e+009
  1.492865059062e+011  9.668400180603e+009
  1.492845698557e+011  9.698137382483e+009
  1.492826278531e+011  9.727874197785e+009
  1.492806798984e+011  9.757610625323e+009
  1.492787259916e+011  9.787346663913e+009
  1.492767661329e+011  9.817082312369e+009
  1.492748003224e+011  9.846817569506e+009
  1.492728285601e+011  9.876552434139e+009
  1.492708508461e+011  9.906286905082e+009
  1.492688671805e+011  9.936020981150e+009
  1.492668775633e+011  9.965754661158e+009
  1.492648819946e+011  9.995487943921e+009
  1.492628804746e+011  1.002522082825e+010
  1.492608730033e+011  1.005495331297e+010
  1.492588595807e+011  1.008468539689e+010
  1.492568402069e+011  1.011441707882e+010
  1.492548148821e+011  1.014414835758e+010
  1.492527836063e+011  1.017387923198e+010
  1.492507463796e+011  1.020360970084e+010
  1.492487032021e+011  1.023333976298e+010
  1.492466540738e+011  1.026306941721e+010
  1.492445989948e+011  1.029279866234e+010
  1.492425379652e+011  1.032252749718e+010
  1.492404709852e+011  1.035225592057e+010
  1.492383980547e+011  1.038198393130e+010
  1.492363191738e+011  1.041171152819e+010
  1.492342343427e+011  1.044143871007e+010
  1.492321435614e+011  1.047116547573e+010
  1.492300468299e+011  1.050089182401e+010
  1.492279441485e+011  1.053061775371e+010
  1.492258355171e+011  1.056034326365e+010
  1.492237209359e+011  1.059006835265e+010
  1.492216004049e+011  1.061979301951e+010
  1.492194739242e+011  1.064951726306e+010
  1.492173414939e+011  1.067924108211e+010
  1.492152031140e+011  1.070896447548e+010
  1.492130587848e+011  1.073868744197e+010
  1.492109085061e+011  1.076840998041e+010
  1.492087522782e+011  1.079813208961e+010
  1.492065901012e+011  1.082785376839e+010
  1.492044219750e+011  1.085757501556e+010
  1.492022478998e+011  1.088729582993e+010
  1.492000678757e+011  1.091701621033e+010
  1.491978819027e+011  1.094673615557e+010
  1.491956899809e+011  1.097645566445e+010
  1.491934921105e+011  1.100617473581e+010
  1.491912882915e+011  1.103589336845e+010
  1.491890785241e+011  1.106561156119e+010
  1.491868628081e+011  1.109532931284e+010
  1.491846411439e+011  1.112504662222e+010
  1.491824135314e+011  1.115476348814e+010
  1.491801799708e+011  1.118447990943e+010
  1.491779404621e+011  1.121419588489e+010
  1.491756950055e+011  1.124391141335e+010
  1.491734436009e+011  1.127362649361e+010
  1.491711862485e+011  1.130334112449e+010
  1.491689229485e+011  1.133305530482e+010
  1.491666537008e+011  1.136276903339e+010
  1.491643785056e+011  1.139248230904e+010
  1.491620973629e+011  1.142219513057e+010
  1.491598102729e+011  1.145190749680e+010
  1.491575172356e+011  1.148161940654e+010
  1.491552182511e+011  1.151133085862e+010
  1.491529133196e+011  1.154104185184e+010
  1.491506024410e+011  1.157075238503e+010
  1.491482856156e+011  1.160046245700e+010
  1.491459628433e+011  1.163017206656e+010
  1.491436341244e+011  1.165988121253e+010
  1.491412994587e+011  1.168958989373e+010
  1.491389588466e+011  1.171929810897e+010
  1.491366122880e+011  1.174900585706e+010
  1.491342597831e+011  1.177871313683e+010
  1.491319013318e+011  1.180841994709e+010
  1.491295369345e+011  1.183812628666e+010
  1.491271665910e+011  1.186783215434e+010
  1.491247903016e+011  1.189753754896e+010
  1.491224080662e+011  1.192724246933e+010
  1.491200198851e+011  1.195694691428e+010
  1.491176257583e+011  1.198665088260e+010
  1.491152256858e+011  1.201635437313e+010
  1.491128196679e+011  1.204605738467e+010
  1.491104077045e+011  1.207575991605e+010
  1.491079897958e+011  1.210546196607e+010
  1.491055659419e+011  1.213516353356e+010
  1.491031361428e+011  1.216486461733e+010
  1.491007003987e+011  1.219456521620e+010
  1.490982587096e+011  1.222426532897e+010
  1.490958110757e+011  1.225396495448e+010
  1.490933574971e+011  1.228366409153e+010
  1.490908979737e+011  1.231336273894e+010
  1.490884325059e+011  1.234306089553e+010
  1.490859610935e+011  1.237275856011e+010
  1.490834837368e+011  1.240245573150e+010
  1.490810004358e+011  1.243215240852e+010
  1.490785111907e+011  1.246184858998e+010
  1.490760160015e+011  1.249154427470e+010
  1.490735148683e+011  1.252123946149e+010
  1.490710077912e+011  1.255093414917e+010
  1.490684947703e+011  1.258062833656e+010
  1.490659758058e+011  1.261032202247e+010
  1.490634508977e+011  1.264001520572e+010
  1.490609200461e+011  1.266970788513e+010
  1.490583832511e+011  1.269940005951e+010
  1.490558405128e+011  1.272909172767e+010
  1.490532918314e+011  1.275878288845e+010
  1.490507372069e+011  1.278847354064e+010
  1.490481766393e+011  1.281816368307e+010
  1.490456101289e+011  1.284785331456e+010
  1.490430376757e+011  1.287754243392e+010
  1.490404592799e+011  1.290723103996e+010
  1.490378749414e+011  1.293691913151e+010
  1.490352846605e+011  1.296660670738e+010
  1.490326884372e+011  1.299629376639e+010
  1.490300862716e+011  1.302598030735e+010
  1.490274781638e+011  1.305566632908e+010
  1.490248641140e+011  1.308535183040e+010
  1.490222441222e+011  1.311503681012e+010
  1.490196181886e+011  1.314472126706e+010
  1.490169863131e+011  1.317440520004e+010
  1.490143484960e+011  1.320408860787e+010
  1.490117047374e+011  1.323377148937e+010
  1.490090550373e+011  1.326345384336e+010
  1.490063993959e+011  1.329313566865e+010
  1.490037378132e+011  1.332281696406e+010
  1.490010702894e+011  1.335249772842e+010
  1.489983968245e+011  1.338217796052e+010
  1.489957174187e+011  1.341185765920e+010
  1.489930320721e+011  1.344153682326e+010
  1.489903407848e+011  1.347121545153e+010
  1.489876435568e+011  1.350089354282e+010
  1.489849403884e+011  1.353057109595e+010
  1.489822312795e+011  1.356024810974e+010
  1.489795162304e+011  1.358992458299e+010
  1.489767952410e+011  1.361960051454e+010
  1.489740683116e+011  1.364927590320e+010
  1.489713354422e+011  1.367895074777e+010
  1.489685966329e+011  1.370862504709e+010
  1.489658518839e+011  1.373829879997e+010
  1.489631011952e+011  1.376797200522e+010
  1.489603445670e+011  1.379764466166e+010
  1.489575819994e+011  1.382731676811e+010
  1.489548134924e+011  1.385698832339e+010
  1.489520390462e+011  1.388665932632e+010
  1.489492586608e+011  1.391632977570e+010
  1.489464723365e+011  1.394599967036e+010
  1.489436800733e+011  1.397566900911e+010
  1.489408818713e+011  1.400533779078e+010
  1.489380777307e+011  1.403500601418e+010
  1.489352676514e+011  1.406467367812e+010
  1.489324516338e+011  1.409434078143e+010
  1.489296296777e+011  1.412400732292e+010
  1.489268017835e+011  1.415367330141e+010
  1.489239679511e+011  1.418333871572e+010
  1.489211281807e+011  1.421300356466e+010
  1.489182824724e+011  1.424266784705e+010
  1.489154308264e+011  1.427233156171e+010
  1.489125732426e+011  1.430199470745e+010
  1.489097097213e+011  1.433165728310e+010
  1.489068402626e+011  1.436131928747e+010
  1.489039648665e+011  1.439098071938e+010
  1.489010835332e+011  1.442064157765e+010
  1.488981962628e+011  1.445030186109e+010
  1.488953030554e+011  1.447996156852e+010
  1.488924039111e+011  1.450962069876e+010
  1.488894988300e+011  1.453927925062e+010
  1.488865878123e+011  1.456893722293e+010
  1.488836708580e+011  1.459859461451e+010
  1.488807479673e+011  1.462825142416e+010
  1.488778191403e+011  1.465790765071e+010
  1.488748843771e+011  1.468756329297e+010
  1.488719436778e+011  1.471721834977e+010
  1.488689970425e+011  1.474687281992e+010
  1.488660444714e+011  1.477652670224e+010
  1.488630859646e+011  1.480617999554e+010
  1.488601215221e+011  1.483583269865e+010
  1.488571511442e+011  1.486548481038e+010
  1.488541748308e+011  1.489513632956e+010
  1.488511925822e+011  1.492478725498e+010
  1.488482043984e+011  1.495443758549e+010
  1.488452102796e+011  1.498408731989e+010
  1.488422102259e+011  1.501373645700e+010
  1.488392042374e+011  1.504338499564e+010
  1.488361923141e+011  1.507303293463e+010
  1.488331744564e+011  1.510268027279e+010
  1.488301506642e+011  1.513232700893e+010
  1.488271209376e+011  1.516197314187e+010
  1.488240852769e+011  1.519161867044e+010
  1.488210436820e+011  1.522126359344e+010
  1.488179961532e+011  1.525090790970e+010
  1.488149426905e+011  1.528055161803e+010
  1.488118832941e+011  1.531019471726e+010
  1.488088179641e+011  1.533983720620e+010
  1.488057467007e+011  1.536947908367e+010
  1.488026695038e+011  1.539912034848e+010
  1.487995863737e+011  1.542876099947e+010
  1.487964973105e+011  1.545840103544e+010
  1.487934023142e+011  1.548804045521e+010
  1.487903013851e+011  1.551767925760e+010
  1.487871945232e+011  1.554731744143e+010
  1.487840817287e+011  1.557695500553e+010
  1.487809630016e+011  1.560659194869e+010
  1.487778383422e+011  1.563622826976e+010
  1.487747077504e+011  1.566586396754e+010
  1.487715712266e+011  1.569549904085e+010
  1.487684287707e+011  1.572513348851e+010
  1.487652803829e+011  1.575476730934e+010
  1.487621260633e+011  1.578440050216e+010
  1.487589658120e+011  1.581403306579e+010
  1.487557996293e+011  1.584366499904e+010
  1.487526275151e+011  1.587329630074e+010
  1.487494494696e+011  1.590292696970e+010
  1.487462654930e+011  1.593255700474e+010
  1.487430755853e+011  1.596218640468e+010
  1.487398797468e+011  1.599181516834e+010
  1.487366779774e+011  1.602144329454e+010
  1.487334702774e+011  1.605107078209e+010
  1.487302566468e+011  1.608069762982e+010
  1.487270370859e+011  1.611032383655e+010
  1.487238115947e+011  1.613994940109e+010
  1.487205801733e+011  1.616957432226e+010
  1.487173428219e+011  1.619919859888e+010
  1.487140995405e+011  1.622882222977e+010
  1.487108503295e+011  1.625844521375e+010
  1.487075951887e+011  1.628806754964e+010
  1.487043341185e+011  1.631768923626e+010
  1.487010671188e+011  1.634731027242e+010
  1.486977941899e+011  1.637693065695e+010
  1.486945153319e+011  1.640655038867e+010
  1.486912305449e+011  1.643616946638e+010
  1.486879398290e+011  1.646578788892e+010
  1.486846431843e+011  1.649540565510e+010
  1.486813406110e+011  1.652502276375e+010
  1.486780321093e+011  1.655463921367e+010
  1.486747176792e+011  1.658425500369e+010
  1.486713973208e+011  1.661387013264e+010
  1.486680710344e+011  1.664348459932e+010
  1.486647388200e+011  1.667309840256e+010
  1.486614006777e+011  1.670271154117e+010
  1.486580566078e+011  1.673232401398e+010
  1.486547066103e+011  1.676193581981e+010
  1.486513506853e+011  1.679154695748e+010
  1.486479888330e+011  1.682115742579e+010
  1.486446210536e+011  1.685076722359e+010
  1.486412473471e+011  1.688037634967e+010
  1.486378677137e+011  1.690998480287e+010
  1.486344821535e+011  1.693959258201e+010
  1.486310906667e+011  1.696919968589e+010
  1.486276932533e+011  1.699880611335e+010
  1.486242899136e+011  1.702841186320e+010
  1.486208806476e+011  1.705801693426e+010
  1.486174654555e+011  1.708762132535e+010
  1.486140443375e+011  1.711722503529e+010
  1.486106172936e+011  1.714682806290e+010
  1.486071843239e+011  1.717643040701e+010
  1.486037454287e+011  1.720603206642e+010
  1.486003006081e+011  1.723563303996e+010
  1.485968498621e+011  1.726523332646e+010
  1.485933931910e+011  1.729483292472e+010
  1.485899305948e+011  1.732443183357e+010
  1.485864620738e+011  1.735403005183e+010
  1.485829876280e+011  1.738362757833e+010
  1.485795072575e+011  1.741322441187e+010
  1.485760209626e+011  1.744282055128e+010
  1.485725287433e+011  1.747241599538e+010
  1.485690305998e+011  1.750201074299e+010
  1.485655265322e+011  1.753160479293e+010
  1.485620165406e+011  1.756119814402e+010
  1.485585006253e+011  1.759079079508e+010
  1.485549787863e+011  1.762038274493e+010
  1.485514510238e+011  1.764997399239e+010
  1.485479173379e+011  1.767956453628e+010
  1.485443777287e+011  1.770915437542e+010
  1.485408321964e+011  1.773874350863e+010
  1.485372807412e+011  1.776833193474e+010
  1.485337233631e+011  1.779791965255e+010
  1.485301600623e+011  1.782750666090e+010
  1.485265908390e+011  1.785709295860e+010
  1.485230156932e+011  1.788667854447e+010
  1.485194346252e+011  1.791626341734e+010
  1.485158476351e+011  1.794584757602e+010
  1.485122547229e+011  1.797543101933e+010
  1.485086558889e+011  1.800501374610e+010
  1.485050511332e+011  1.803459575514e+010
  1.485014404560e+011  1.806417704528e+010
  1.484978238573e+011  1.809375761534e+010
  1.484942013373e+011  1.812333746413e+010
  1.484905728961e+011  1.815291659048e+010
  1.484869385340e+011  1.818249499321e+010
  1.484832982510e+011  1.821207267114e+010
  1.484796520473e+011  1.824164962309e+010
  1.484759999231e+011  1.827122584788e+010
  1.484723418784e+011  1.830080134433e+010
  1.484686779134e+011  1.833037611126e+010
  1.484650080283e+011  1.835995014750e+010
  1.484613322231e+011  1.838952345186e+010
  1.484576504982e+011  1.841909602316e+010
  1.484539628535e+011  1.844866786023e+010
  1.484502692892e+011  1.847823896189e+010
  1.484465698056e+011  1.850780932695e+010
  1.484428644026e+011  1.853737895425e+010
  1.484391530806e+011  1.856694784259e+010
  1.484354358395e+011  1.859651599080e+010
  1.484317126797e+011  1.862608339771e+010
  1.484279836011e+011  1.865565006213e+010
  1.484242486040e+011  1.868521598288e+010
  1.484205076885e+011  1.871478115879e+010
  1.484167608547e+011  1.874434558868e+010
  1.484130081028e+011  1.877390927136e+010
  1.484092494330e+011  1.880347220566e+010
  1.484054848454e+011  1.883303439041e+010
  1.484017143401e+011  1.886259582441e+010
  1.483979379173e+011  1.889215650650e+010
  1.483941555771e+011  1.892171643549e+010
  1.483903673197e+011  1.895127561021e+010
  1.483865731453e+011  1.898083402947e+010
  1.483827730539e+011  1.901039169211e+010
  1.483789670458e+011  1.903994859693e+010
  1.483751551210e+011  1.906950474277e+010
  1.483713372798e+011  1.909906012843e+010
  1.483675135222e+011  1.912861475276e+010
  1.483636838485e+011  1.915816861456e+010
  1.483598482587e+011  1.918772171266e+010
  1.483560067531e+011  1.921727404588e+010
  1.483521593318e+011  1.924682561304e+010
  1.483483059949e+011  1.927637641296e+010
  1.483444467426e+011  1.930592644447e+010
  1.483405815750e+011  1.933547570638e+010
  1.483367104923e+011  1.936502419753e+010
  1.483328334946e+011  1.939457191672e+010
  1.483289505822e+011  1.942411886279e+010
  1.483250617551e+011  1.945366503455e+010
  1.483211670134e+011  1.948321043083e+010
  1.483172663574e+011  1.951275505044e+010
  1.483133597873e+011  1.954229889222e+010
  1.483094473030e+011  1.957184195497e+010
  1.483055289049e+011  1.960138423753e+010
  1.483016045931e+011  1.963092573872e+010
  1.482976743676e+011  1.966046645736e+010
  1.482937382288e+011  1.969000639226e+010
  1.482897961766e+011  1.971954554226e+010
  1.482858482114e+011  1.974908390618e+010
  1.482818943331e+011  1.977862148283e+010
  1.482779345421e+011  1.980815827104e+010
  1.482739688384e+011  1.983769426963e+010
  1.482699972222e+011  1.986722947743e+010
  1.482660196937e+011  1.989676389325e+010
  1.482620362529e+011  1.992629751592e+010
  1.482580469002e+011  1.995583034426e+010
  1.482540516355e+011  1.998536237710e+010
  1.482500504592e+011  2.001489361325e+010
  1.482460433713e+011  2.004442405154e+010
  1.482420303720e+011  2.007395369079e+010
  1.482380114614e+011  2.010348252982e+010
  1.482339866398e+011  2.013301056746e+010
  1.482299559072e+011  2.016253780253e+010
  1.482259192638e+011  2.019206423385e+010
  1.482218767099e+011  2.022158986025e+010
  1.482178282454e+011  2.025111468054e+010
  1.482137738707e+011  2.028063869355e+010
  1.482097135859e+011  2.031016189810e+010
  1.482056473910e+011  2.033968429302e+010
  1.482015752864e+011  2.036920587713e+010
  1.481974972721e+011  2.039872664924e+010
  1.481934133483e+011  2.042824660819e+010
  1.481893235151e+011  2.045776575280e+010
  1.481852277728e+011  2.048728408189e+010
  1.481811261215e+011  2.051680159428e+010
  1.481770185613e+011  2.054631828879e+010
  1.481729050924e+011  2.057583416425e+010
  1.481687857150e+011  2.060534921949e+010
  1.481646604292e+011  2.063486345332e+010
  1.481605292352e+011  2.066437686457e+010
  1.481563921331e+011  2.069388945206e+010
  1.481522491232e+011  2.072340121461e+010
  1.481481002055e+011  2.075291215105e+010
  1.481439453803e+011  2.078242226020e+010
  1.481397846477e+011  2.081193154089e+010
  1.481356180079e+011  2.084143999193e+010
  1.481314454609e+011  2.087094761215e+010
  1.481272670071e+011  2.090045440038e+010
  1.481230826466e+011  2.092996035544e+010
  1.481188923794e+011  2.095946547614e+010
  1.481146962059e+011  2.098896976133e+010
  1.481104941261e+011  2.101847320980e+010
  1.481062861402e+011  2.104797582041e+010
  1.481020722484e+011  2.107747759195e+010
  1.480978524508e+011  2.110697852327e+010
  1.480936267477e+011  2.113647861317e+010
  1.480893951391e+011  2.116597786050e+010
  1.480851576253e+011  2.119547626406e+010
  1.480809142063e+011  2.122497382269e+010
  1.480766648825e+011  2.125447053520e+010
  1.480724096539e+011  2.128396640043e+010
  1.480681485207e+011  2.131346141719e+010
  1.480638814831e+011  2.134295558431e+010
  1.480596085413e+011  2.137244890061e+010
  1.480553296953e+011  2.140194136492e+010
  1.480510449455e+011  2.143143297606e+010
  1.480467542918e+011  2.146092373285e+010
  1.480424577346e+011  2.149041363413e+010
  1.480381552740e+011  2.151990267870e+010
  1.480338469102e+011  2.154939086541e+010
  1.480295326432e+011  2.157887819306e+010
  1.480252124734e+011  2.160836466049e+010
  1.480208864008e+011  2.163785026652e+010
  1.480165544257e+011  2.166733500997e+010
  1.480122165481e+011  2.169681888967e+010
  1.480078727684e+011  2.172630190444e+010
  1.480035230866e+011  2.175578405311e+010
  1.479991675028e+011  2.178526533450e+010
  1.479948060174e+011  2.181474574743e+010
  1.479904386305e+011  2.184422529074e+010
  1.479860653421e+011  2.187370396323e+010
  1.479816861526e+011  2.190318176375e+010
  1.479773010620e+011  2.193265869111e+010
  1.479729100706e+011  2.196213474414e+010
  1.479685131785e+011  2.199160992166e+010
  1.479641103859e+011  2.202108422249e+010
  1.479597016929e+011  2.205055764547e+010
  1.479552870998e+011  2.208003018942e+010
  1.479508666067e+011  2.210950185315e+010
  1.479464402137e+011  2.213897263550e+010
  1.479420079212e+011  2.216844253529e+010
  1.479375697291e+011  2.219791155135e+010
  1.479331256378e+011  2.222737968250e+010
  1.479286756473e+011  2.225684692756e+010
  1.479242197579e+011  2.228631328536e+010
  1.479197579697e+011  2.231577875473e+010
  1.479152902829e+011  2.234524333448e+010
  1.479108166977e+011  2.237470702345e+010
  1.479063372142e+011  2.240416982047e+010
  1.479018518327e+011  2.243363172434e+010
  1.478973605532e+011  2.246309273391e+010
  1.478928633761e+011  2.249255284799e+010
  1.478883603014e+011  2.252201206542e+010
  1.478838513294e+011  2.255147038500e+010
  1.478793364601e+011  2.258092780558e+010
  1.478748156939e+011  2.261038432598e+010
  1.478702890308e+011  2.263983994502e+010
  1.478657564710e+011  2.266929466152e+010
  1.478612180148e+011  2.269874847432e+010
  1.478566736623e+011  2.272820138224e+010
  1.478521234136e+011  2.275765338409e+010
  1.478475672690e+011  2.278710447872e+010
  1.478430052287e+011  2.281655466494e+010
  1.478384372927e+011  2.284600394159e+010
  1.478338634614e+011  2.287545230747e+010
  1.478292837348e+011  2.290489976143e+010
  1.478246981132e+011  2.293434630229e+010
  1.478201065967e+011  2.296379192887e+010
  1.478155091855e+011  2.299323663999e+010
  1.478109058798e+011  2.302268043449e+010
  1.478062966798e+011  2.305212331119e+010
  1.478016815857e+011  2.308156526892e+010
  1.477970605975e+011  2.311100630650e+010
  1.477924337156e+011  2.314044642275e+010
  1.477878009401e+011  2.316988561651e+010
  1.477831622712e+011  2.319932388660e+010
  1.477785177090e+011  2.322876123184e+010
  1.477738672538e+011  2.325819765107e+010
  1.477692109057e+011  2.328763314310e+010
  1.477645486650e+011  2.331706770677e+010
  1.477598805317e+011  2.334650134090e+010
  1.477552065061e+011  2.337593404431e+010
  1.477505265883e+011  2.340536581584e+010
  1.477458407786e+011  2.343479665430e+010
  1.477411490772e+011  2.346422655853e+010
  1.477364514841e+011  2.349365552735e+010
  1.477317479996e+011  2.352308355959e+010
  1.477270386239e+011  2.355251065407e+010
  1.477223233572e+011  2.358193680962e+010
  1.477176021996e+011  2.361136202507e+010
  1.477128751514e+011  2.364078629925e+010
  1.477081422127e+011  2.367020963097e+010
  1.477034033837e+011  2.369963201907e+010
  1.476986586646e+011  2.372905346238e+010
  1.476939080555e+011  2.375847395971e+010
  1.476891515568e+011  2.378789350990e+010
  1.476843891685e+011  2.381731211177e+010
  1.476796208908e+011  2.384672976416e+010
  1.476748467239e+011  2.387614646588e+010
  1.476700666681e+011  2.390556221576e+010
  1.476652807235e+011  2.393497701264e+010
  1.476604888902e+011  2.396439085533e+010
  1.476556911686e+011  2.399380374267e+010
  1.476508875587e+011  2.402321567348e+010
  1.476460780607e+011  2.405262664659e+010
  1.476412626749e+011  2.408203666082e+010
  1.476364414014e+011  2.411144571501e+010
  1.476316142405e+011  2.414085380797e+010
  1.476267811922e+011  2.417026093855e+010
  1.476219422569e+011  2.419966710555e+010
  1.476170974347e+011  2.422907230782e+010
  1.476122467257e+011  2.425847654418e+010
  1.476073901302e+011  2.428787981345e+010
  1.476025276484e+011  2.431728211447e+010
  1.475976592804e+011  2.434668344606e+010
  1.475927850264e+011  2.437608380704e+010
  1.475879048867e+011  2.440548319625e+010
  1.475830188615e+011  2.443488161252e+010
  1.475781269508e+011  2.446427905467e+010
  1.475732291549e+011  2.449367552152e+010
  1.475683254741e+011  2.452307101191e+010
  1.475634159084e+011  2.455246552466e+010
  1.475585004582e+011  2.458185905861e+010
  1.475535791235e+011  2.461125161257e+010
  1.475486519046e+011  2.464064318538e+010
  1.475437188016e+011  2.467003377586e+010
  1.475387798148e+011  2.469942338285e+010
  1.475338349444e+011  2.472881200517e+010
  1.475288841905e+011  2.475819964164e+010
  1.475239275534e+011  2.478758629110e+010
  1.475189650332e+011  2.481697195238e+010
  1.475139966301e+011  2.484635662430e+010
  1.475090223444e+011  2.487574030568e+010
  1.475040421762e+011  2.490512299537e+010
  1.474990561256e+011  2.493450469218e+010
  1.474940641931e+011  2.496388539495e+010
  1.474890663786e+011  2.499326510250e+010
  1.474840626824e+011  2.502264381366e+010
  1.474790531047e+011  2.505202152725e+010
  1.474740376458e+011  2.508139824212e+010
  1.474690163057e+011  2.511077395708e+010
  1.474639890847e+011  2.514014867097e+010
  1.474589559830e+011  2.516952238261e+010
  1.474539170008e+011  2.519889509083e+010
  1.474488721383e+011  2.522826679446e+010
  1.474438213956e+011  2.525763749233e+010
  1.474387647731e+011  2.528700718326e+010
  1.474337022708e+011  2.531637586610e+010
  1.474286338890e+011  2.534574353965e+010
  1.474235596279e+011  2.537511020276e+010
  1.474184794876e+011  2.540447585425e+010
  1.474133934684e+011  2.543384049295e+010
  1.474083015705e+011  2.546320411769e+010
  1.474032037941e+011  2.549256672729e+010
  1.473981001394e+011  2.552192832060e+010
  1.473929906065e+011  2.555128889643e+010
  1.473878751957e+011  2.558064845361e+010
  1.473827539072e+011  2.561000699098e+010
  1.473776267412e+011  2.563936450736e+010
  1.473724936978e+011  2.566872100158e+010
  1.473673547773e+011  2.569807647248e+010
  1.473622099799e+011  2.572743091887e+010
  1.473570593058e+011  2.575678433960e+010
  1.473519027552e+011  2.578613673348e+010
  1.473467403283e+011  2.581548809935e+010
  1.473415720252e+011  2.584483843604e+010
  1.473363978463e+011  2.587418774237e+010
  1.473312177916e+011  2.590353601718e+010
  1.473260318615e+011  2.593288325930e+010
  1.473208400560e+011  2.596222946755e+010
  1.473156423755e+011  2.599157464076e+010
  1.473104388201e+011  2.602091877777e+010
  1.473052293900e+011  2.605026187741e+010
  1.473000140854e+011  2.607960393849e+010
  1.472947929065e+011  2.610894495986e+010
  1.472895658536e+011  2.613828494034e+010
  1.472843329268e+011  2.616762387877e+010
  1.472790941263e+011  2.619696177396e+010
  1.472738494524e+011  2.622629862476e+010
  1.472685989053e+011  2.625563442999e+010
  1.472633424851e+011  2.628496918848e+010
  1.472580801921e+011  2.631430289907e+010
  1.472528120264e+011  2.634363556057e+010
  1.472475379883e+011  2.637296717183e+010
  1.472422580780e+011  2.640229773167e+010
  1.472369722957e+011  2.643162723892e+010
  1.472316806416e+011  2.646095569241e+010
  1.472263831159e+011  2.649028309098e+010
  1.472210797188e+011  2.651960943344e+010
  1.472157704506e+011  2.654893471864e+010
  1.472104553114e+011  2.657825894541e+010
  1.472051343014e+011  2.660758211256e+010
  1.471998074209e+011  2.663690421894e+010
  1.471944746700e+011  2.666622526338e+010
  1.471891360490e+011  2.669554524470e+010
  1.471837915581e+011  2.672486416173e+010
  1.471784411974e+011  2.675418201331e+010
  1.471730849673e+011  2.678349879827e+010
  1.471677228678e+011  2.681281451544e+010
  1.471623548993e+011  2.684212916364e+010
  1.471569810619e+011  2.687144274171e+010
  1.471516013559e+011  2.690075524848e+010
  1.471462157814e+011  2.693006668277e+010
  1.471408243387e+011  2.695937704343e+010
  1.471354270279e+011  2.698868632929e+010
  1.471300238493e+011  2.701799453916e+010
  1.471246148032e+011  2.704730167189e+010
  1.471191998896e+011  2.707660772630e+010
  1.471137791088e+011  2.710591270123e+010
  1.471083524611e+011  2.713521659550e+010
  1.471029199467e+011  2.716451940795e+010
  1.470974815657e+011  2.719382113741e+010
  1.470920373184e+011  2.722312178271e+010
  1.470865872049e+011  2.725242134269e+010
  1.470811312256e+011  2.728171981616e+010
  1.470756693806e+011  2.731101720197e+010
  1.470702016701e+011  2.734031349894e+010
  1.470647280944e+011  2.736960870592e+010
  1.470592486536e+011  2.739890282171e+010
  1.470537633480e+011  2.742819584517e+010
  1.470482721778e+011  2.745748777512e+010
  1.470427751432e+011  2.748677861040e+010
  1.470372722444e+011  2.751606834982e+010
  1.470317634817e+011  2.754535699224e+010
  1.470262488552e+011  2.757464453647e+010
  1.470207283652e+011  2.760393098135e+010
  1.470152020118e+011  2.763321632571e+010
  1.470096697954e+011  2.766250056838e+010
  1.470041317161e+011  2.769178370820e+010
  1.469985877742e+011  2.772106574400e+010
  1.469930379698e+011  2.775034667461e+010
  1.469874823031e+011  2.777962649885e+010
  1.469819207745e+011  2.780890521557e+010
  1.469763533841e+011  2.783818282360e+010
  1.469707801321e+011  2.786745932176e+010
  1.469652010187e+011  2.789673470889e+010
  1.469596160442e+011  2.792600898382e+010
  1.469540252089e+011  2.795528214539e+010
  1.469484285128e+011  2.798455419242e+010
  1.469428259562e+011  2.801382512375e+010
  1.469372175394e+011  2.804309493821e+010
  1.469316032625e+011  2.807236363463e+010
  1.469259831259e+011  2.810163121185e+010
  1.469203571296e+011  2.813089766870e+010
  1.469147252740e+011  2.816016300400e+010
  1.469090875592e+011  2.818942721661e+010
  1.469034439855e+011  2.821869030533e+010
  1.468977945531e+011  2.824795226902e+010
  1.468921392622e+011  2.827721310649e+010
  1.468864781130e+011  2.830647281659e+010
  1.468808111058e+011  2.833573139815e+010
  1.468751382408e+011  2.836498885000e+010
  1.468694595181e+011  2.839424517097e+010
  1.468637749381e+011  2.842350035989e+010
  1.468580845010e+011  2.845275441560e+010
  1.468523882069e+011  2.848200733694e+010
  1.468466860561e+011  2.851125912272e+010
  1.468409780489e+011  2.854050977180e+010
  1.468352641853e+011  2.856975928300e+010
  1.468295444658e+011  2.859900765515e+010
  1.468238188904e+011  2.862825488708e+010
  1.468180874595e+011  2.865750097764e+010
  1.468123501732e+011  2.868674592565e+010
  1.468066070317e+011  2.871598972995e+010
  1.468008580354e+011  2.874523238937e+010
  1.467951031843e+011  2.877447390274e+010
  1.467893424789e+011  2.880371426890e+010
  1.467835759191e+011  2.883295348668e+010
  1.467778035054e+011  2.886219155492e+010
  1.467720252379e+011  2.889142847244e+010
  1.467662411169e+011  2.892066423808e+010
  1.467604511425e+011  2.894989885068e+010
  1.467546553151e+011  2.897913230907e+010
  1.467488536347e+011  2.900836461208e+010
  1.467430461018e+011  2.903759575855e+010
  1.467372327164e+011  2.906682574731e+010
  1.467314134788e+011  2.909605457720e+010
  1.467255883893e+011  2.912528224704e+010
  1.467197574481e+011  2.915450875568e+010
  1.467139206553e+011  2.918373410194e+010
  1.467080780113e+011  2.921295828466e+010
  1.467022295162e+011  2.924218130268e+010
  1.466963751704e+011  2.927140315483e+010
  1.466905149739e+011  2.930062383994e+010
  1.466846489271e+011  2.932984335684e+010
  1.466787770302e+011  2.935906170438e+010
  1.466728992834e+011  2.938827888139e+010
  1.466670156869e+011  2.941749488670e+010
  1.466611262410e+011  2.944670971914e+010
  1.466552309460e+011  2.947592337755e+010
  1.466493298019e+011  2.950513586077e+010
  1.466434228091e+011  2.953434716762e+010
  1.466375099678e+011  2.956355729695e+010
  1.466315912783e+011  2.959276624758e+010
  1.466256667407e+011  2.962197401836e+010
  1.466197363553e+011  2.965118060812e+010
  1.466138001223e+011  2.968038601569e+010
  1.466078580420e+011  2.970959023990e+010
  1.466019101146e+011  2.973879327960e+010
  1.465959563403e+011  2.976799513362e+010
  1.465899967193e+011  2.979719580079e+010
  1.465840312520e+011  2.982639527994e+010
  1.465780599385e+011  2.985559356992e+010
  1.465720827791e+011  2.988479066955e+010
  1.465660997739e+011  2.991398657768e+010
  1.465601109233e+011  2.994318129313e+010
  1.465541162275e+011  2.997237481475e+010
  1.465481156866e+011  3.000156714137e+010
  1.465421093010e+011  3.003075827182e+010
  1.465360970709e+011  3.005994820493e+010
  1.465300789965e+011  3.008913693956e+010
  1.465240550780e+011  3.011832447452e+010
  1.465180253158e+011  3.014751080866e+010
  1.465119897099e+011  3.017669594081e+010
  1.465059482607e+011  3.020587986981e+010
  1.464999009684e+011  3.023506259449e+010
  1.464938478332e+011  3.026424411368e+010
  1.464877888554e+011  3.029342442624e+010
  1.464817240352e+011  3.032260353098e+010
  1.464756533729e+011  3.035178142674e+010
  1.464695768686e+011  3.038095811237e+010
  1.464634945227e+011  3.041013358670e+010
  1.464574063353e+011  3.043930784856e+010
  1.464513123067e+011  3.046848089678e+010
  1.464452124372e+011  3.049765273022e+010
  1.464391067269e+011  3.052682334769e+010
  1.464329951761e+011  3.055599274805e+010
  1.464268777852e+011  3.058516093012e+010
  1.464207545542e+011  3.061432789273e+010
  1.464146254834e+011  3.064349363474e+010
  1.464084905731e+011  3.067265815497e+010
  1.464023498236e+011  3.070182145225e+010
  1.463962032350e+011  3.073098352544e+010
  1.463900508076e+011  3.076014437335e+010
  1.463838925417e+011  3.078930399484e+010
  1.463777284374e+011  3.081846238873e+010
  1.463715584951e+011  3.084761955386e+010
  1.463653827149e+011  3.087677548907e+010
  1.463592010972e+011  3.090593019320e+010
  1.463530136421e+011  3.093508366508e+010
  1.463468203499e+011  3.096423590355e+010
  1.463406212209e+011  3.099338690744e+010
  1.463344162552e+011  3.102253667560e+010
  1.463282054532e+011  3.105168520686e+010
  1.463219888150e+011  3.108083250006e+010
  1.463157663410e+011  3.110997855403e+010
  1.463095380313e+011  3.113912336761e+010
  1.463033038862e+011  3.116826693964e+010
  1.462970639060e+011  3.119740926895e+010
  1.462908180908e+011  3.122655035439e+010
  1.462845664410e+011  3.125569019478e+010
  1.462783089568e+011  3.128482878898e+010
  1.462720456384e+011  3.131396613581e+010
  1.462657764861e+011  3.134310223411e+010
  1.462595015002e+011  3.137223708272e+010
  1.462532206807e+011  3.140137068048e+010
  1.462469340282e+011  3.143050302623e+010
  1.462406415426e+011  3.145963411880e+010
  1.462343432244e+011  3.148876395702e+010
  1.462280390737e+011  3.151789253975e+010
  1.462217290909e+011  3.154701986581e+010
  1.462154132761e+011  3.157614593404e+010
  1.462090916295e+011  3.160527074329e+010
  1.462027641516e+011  3.163439429238e+010
  1.461964308424e+011  3.166351658017e+010
  1.461900917023e+011  3.169263760548e+010
  1.461837467315e+011  3.172175736715e+010
  1.461773959302e+011  3.175087586402e+010
  1.461710392987e+011  3.177999309493e+010
  1.461646768372e+011  3.180910905872e+010
  1.461583085461e+011  3.183822375423e+010
  1.461519344255e+011  3.186733718029e+010
  1.461455544757e+011  3.189644933575e+010
  1.461391686969e+011  3.192556021943e+010
  1.461327770894e+011  3.195466983019e+010
  1.461263796534e+011  3.198377816685e+010
  1.461199763893e+011  3.201288522826e+010
  1.461135672972e+011  3.204199101325e+010
  1.461071523774e+011  3.207109552067e+010
  1.461007316301e+011  3.210019874935e+010
  1.460943050557e+011  3.212930069814e+010
  1.460878726543e+011  3.215840136586e+010
  1.460814344262e+011  3.218750075136e+010
  1.460749903717e+011  3.221659885348e+010
  1.460685404909e+011  3.224569567106e+010
  1.460620847843e+011  3.227479120293e+010
  1.460556232520e+011  3.230388544793e+010
  1.460491558942e+011  3.233297840492e+010
  1.460426827113e+011  3.236207007271e+010
  1.460362037034e+011  3.239116045015e+010
  1.460297188709e+011  3.242024953609e+010
  1.460232282140e+011  3.244933732936e+010
  1.460167317329e+011  3.247842382880e+010
  1.460102294279e+011  3.250750903325e+010
  1.460037212993e+011  3.253659294154e+010
  1.459972073473e+011  3.256567555253e+010
  1.459906875721e+011  3.259475686504e+010
  1.459841619741e+011  3.262383687792e+010
  1.459776305535e+011  3.265291559000e+010
  1.459710933104e+011  3.268199300014e+010
  1.459645502453e+011  3.271106910716e+010
  1.459580013583e+011  3.274014390990e+010
  1.459514466498e+011  3.276921740721e+010
  1.459448861199e+011  3.279828959793e+010
  1.459383197689e+011  3.282736048089e+010
  1.459317475971e+011  3.285643005494e+010
  1.459251696047e+011  3.288549831892e+010
  1.459185857920e+011  3.291456527166e+010
  1.459119961593e+011  3.294363091200e+010
  1.459054007068e+011  3.297269523879e+010
  1.458987994348e+011  3.300175825087e+010
  1.458921923434e+011  3.303081994708e+010
  1.458855794331e+011  3.305988032625e+010
  1.458789607040e+011  3.308893938723e+010
  1.458723361565e+011  3.311799712885e+010
  1.458657057907e+011  3.314705354997e+010
  1.458590696069e+011  3.317610864941e+010
  1.458524276054e+011  3.320516242602e+010
  1.458457797865e+011  3.323421487864e+010
  1.458391261504e+011  3.326326600612e+010
  1.458324666974e+011  3.329231580728e+010
  1.458258014276e+011  3.332136428097e+010
  1.458191303415e+011  3.335041142604e+010
  1.458124534393e+011  3.337945724132e+010
  1.458057707211e+011  3.340850172566e+010
  1.457990821874e+011  3.343754487789e+010
  1.457923878383e+011  3.346658669686e+010
  1.457856876741e+011  3.349562718141e+010
  1.457789816950e+011  3.352466633037e+010
  1.457722699014e+011  3.355370414260e+010
  1.457655522935e+011  3.358274061692e+010
  1.457588288716e+011  3.361177575219e+010
  1.457520996359e+011  3.364080954724e+010
  1.457453645867e+011  3.366984200092e+010
  1.457386237242e+011  3.369887311206e+010
  1.457318770487e+011  3.372790287951e+010
  1.457251245606e+011  3.375693130211e+010
  1.457183662599e+011  3.378595837870e+010
  1.457116021471e+011  3.381498410813e+010
  1.457048322224e+011  3.384400848922e+010
  1.456980564860e+011  3.387303152084e+010
  1.456912749382e+011  3.390205320181e+010
  1.456844875793e+011  3.393107353098e+010
  1.456776944096e+011  3.396009250720e+010
  1.456708954292e+011  3.398911012929e+010
  1.456640906386e+011  3.401812639612e+010
  1.456572800379e+011  3.404714130651e+010
  1.456504636274e+011  3.407615485931e+010
  1.456436414073e+011  3.410516705336e+010
  1.456368133780e+011  3.413417788751e+010
  1.456299795398e+011  3.416318736059e+010
  1.456231398928e+011  3.419219547145e+010
  1.456162944374e+011  3.422120221893e+010
  1.456094431738e+011  3.425020760187e+010
  1.456025861022e+011  3.427921161913e+010
  1.455957232231e+011  3.430821426952e+010
  1.455888545365e+011  3.433721555191e+010
  1.455819800429e+011  3.436621546514e+010
  1.455750997424e+011  3.439521400804e+010
  1.455682136354e+011  3.442421117945e+010
  1.455613217221e+011  3.445320697823e+010
  1.455544240028e+011  3.448220140322e+010
  1.455475204777e+011  3.451119445325e+010
  1.455406111471e+011  3.454018612717e+010
  1.455336960113e+011  3.456917642382e+010
  1.455267750706e+011  3.459816534205e+010
  1.455198483252e+011  3.462715288070e+010
  1.455129157755e+011  3.465613903861e+010
  1.455059774216e+011  3.468512381463e+010
  1.454990332638e+011  3.471410720760e+010
  1.454920833025e+011  3.474308921636e+010
  1.454851275379e+011  3.477206983975e+010
  1.454781659703e+011  3.480104907662e+010
