 -7.000491732300e+011  3.392501750750e+011
 -7.000548859291e+011  3.392383863062e+011
 -7.000605984297e+011  3.392265974412e+011
 -7.000663107318e+011  3.392148084800e+011
 -7.000720228354e+011  3.392030194227e+011
 -7.000777347404e+011  3.391912302691e+011
 -7.000834464470e+011  3.391794410194e+011
 -7.000891579550e+011  3.391676516735e+011
 -7.000948692645e+011  3.391558622314e+011
 -7.001005803755e+011  3.391440726931e+011
 -7.001062912880e+011  3.391322830586e+011
 -7.001120020020e+011  3.391204933280e+011
 -7.001177125174e+011  3.391087035012e+011
 -7.001234228343e+011  3.390969135783e+011
 -7.001291329527e+011  3.390851235592e+011
 -7.001348428726e+011  3.390733334439e+011
 -7.001405525939e+011  3.390615432325e+011
 -7.001462621167e+011  3.390497529250e+011
 -7.001519714410e+011  3.390379625213e+011
 -7.001576805667e+011  3.390261720214e+011
 -7.001633894939e+011  3.390143814254e+011
 -7.001690982226e+011  3.390025907333e+011
 -7.001748067527e+011  3.389907999451e+011
 -7.001805150843e+011  3.389790090607e+011
 -7.001862232173e+011  3.389672180802e+011
 -7.001919311518e+011  3.389554270036e+011
 -7.001976388878e+011  3.389436358308e+011
 -7.002033464252e+011  3.389318445619e+011
 -7.002090537640e+011  3.389200531970e+011
 -7.002147609044e+011  3.389082617359e+011
 -7.002204678461e+011  3.388964701787e+011
 -7.002261745893e+011  3.388846785254e+011
 -7.002318811339e+011  3.388728867760e+011
 -7.002375874800e+011  3.388610949306e+011
 -7.002432936276e+011  3.388493029890e+011
 -7.002489995765e+011  3.388375109513e+011
 -7.002547053269e+011  3.388257188176e+011
 -7.002604108788e+011  3.388139265877e+011
 -7.002661162321e+011  3.388021342618e+011
 -7.002718213868e+011  3.387903418399e+011
 -7.002775263429e+011  3.387785493218e+011
 -7.002832311005e+011  3.387667567077e+011
 -7.002889356595e+011  3.387549639975e+011
 -7.002946400199e+011  3.387431711912e+011
 -7.003003441818e+011  3.387313782889e+011
 -7.003060481451e+011  3.387195852906e+011
 -7.003117519098e+011  3.387077921962e+011
 -7.003174554759e+011  3.386959990057e+011
 -7.003231588434e+011  3.386842057192e+011
 -7.003288620124e+011  3.386724123367e+011
 -7.003345649828e+011  3.386606188581e+011
 -7.003402677545e+011  3.386488252834e+011
 -7.003459703277e+011  3.386370316128e+011
 -7.003516727024e+011  3.386252378461e+011
 -7.003573748784e+011  3.386134439834e+011
 -7.003630768558e+011  3.386016500247e+011
 -7.003687786346e+011  3.385898559699e+011
 -7.003744802149e+011  3.385780618192e+011
 -7.003801815965e+011  3.385662675724e+011
 -7.003858827796e+011  3.385544732296e+011
 -7.003915837640e+011  3.385426787908e+011
 -7.003972845498e+011  3.385308842561e+011
 -7.004029851371e+011  3.385190896253e+011
 -7.004086855257e+011  3.385072948985e+011
 -7.004143857157e+011  3.384955000757e+011
 -7.004200857071e+011  3.384837051570e+011
 -7.004257854999e+011  3.384719101422e+011
 -7.004314850941e+011  3.384601150315e+011
 -7.004371844897e+011  3.384483198248e+011
 -7.004428836867e+011  3.384365245221e+011
 -7.004485826850e+011  3.384247291235e+011
 -7.004542814848e+011  3.384129336289e+011
 -7.004599800859e+011  3.384011380383e+011
 -7.004656784884e+011  3.383893423517e+011
 -7.004713766922e+011  3.383775465692e+011
 -7.004770746975e+011  3.383657506908e+011
 -7.004827725041e+011  3.383539547164e+011
 -7.004884701121e+011  3.383421586460e+011
 -7.004941675214e+011  3.383303624797e+011
 -7.004998647321e+011  3.383185662175e+011
 -7.005055617442e+011  3.383067698593e+011
 -7.005112585577e+011  3.382949734052e+011
 -7.005169551725e+011  3.382831768552e+011
 -7.005226515887e+011  3.382713802092e+011
 -7.005283478062e+011  3.382595834673e+011
 -7.005340438251e+011  3.382477866295e+011
 -7.005397396454e+011  3.382359896957e+011
 -7.005454352670e+011  3.382241926661e+011
 -7.005511306900e+011  3.382123955405e+011
 -7.005568259143e+011  3.382005983191e+011
 -7.005625209400e+011  3.381888010017e+011
 -7.005682157670e+011  3.381770035884e+011
 -7.005739103954e+011  3.381652060793e+011
 -7.005796048251e+011  3.381534084742e+011
 -7.005852990561e+011  3.381416107732e+011
 -7.005909930885e+011  3.381298129764e+011
 -7.005966869223e+011  3.381180150837e+011
 -7.006023805574e+011  3.381062170951e+011
 -7.006080739938e+011  3.380944190106e+011
 -7.006137672315e+011  3.380826208302e+011
 -7.006194602706e+011  3.380708225540e+011
 -7.006251531111e+011  3.380590241819e+011
 -7.006308457528e+011  3.380472257139e+011
 -7.006365381959e+011  3.380354271501e+011
 -7.006422304403e+011  3.380236284904e+011
 -7.006479224861e+011  3.380118297349e+011
 -7.006536143331e+011  3.380000308835e+011
 -7.006593059815e+011  3.379882319363e+011
 -7.006649974312e+011  3.379764328932e+011
 -7.006706886823e+011  3.379646337543e+011
 -7.006763797346e+011  3.379528345195e+011
 -7.006820705883e+011  3.379410351889e+011
 -7.006877612433e+011  3.379292357625e+011
 -7.006934516996e+011  3.379174362403e+011
 -7.006991419572e+011  3.379056366222e+011
 -7.007048320161e+011  3.378938369083e+011
 -7.007105218763e+011  3.378820370986e+011
 -7.007162115379e+011  3.378702371931e+011
 -7.007219010007e+011  3.378584371918e+011
 -7.007275902649e+011  3.378466370946e+011
 -7.007332793303e+011  3.378348369017e+011
 -7.007389681971e+011  3.378230366129e+011
 -7.007446568651e+011  3.378112362284e+011
 -7.007503453345e+011  3.377994357480e+011
 -7.007560336051e+011  3.377876351719e+011
 -7.007617216770e+011  3.377758345000e+011
 -7.007674095503e+011  3.377640337323e+011
 -7.007730972248e+011  3.377522328688e+011
 -7.007787847006e+011  3.377404319096e+011
 -7.007844719777e+011  3.377286308545e+011
 -7.007901590561e+011  3.377168297037e+011
 -7.007958459357e+011  3.377050284572e+011
 -7.008015326167e+011  3.376932271148e+011
 -7.008072190989e+011  3.376814256768e+011
 -7.008129053824e+011  3.376696241429e+011
 -7.008185914672e+011  3.376578225133e+011
 -7.008242773533e+011  3.376460207880e+011
 -7.008299630406e+011  3.376342189669e+011
 -7.008356485293e+011  3.376224170500e+011
 -7.008413338191e+011  3.376106150374e+011
 -7.008470189103e+011  3.375988129291e+011
 -7.008527038027e+011  3.375870107251e+011
 -7.008583884964e+011  3.375752084253e+011
 -7.008640729914e+011  3.375634060298e+011
 -7.008697572876e+011  3.375516035385e+011
 -7.008754413851e+011  3.375398009516e+011
 -7.008811252838e+011  3.375279982689e+011
 -7.008868089838e+011  3.375161954905e+011
 -7.008924924851e+011  3.375043926164e+011
 -7.008981757876e+011  3.374925896466e+011
 -7.009038588914e+011  3.374807865811e+011
 -7.009095417964e+011  3.374689834199e+011
 -7.009152245027e+011  3.374571801630e+011
 -7.009209070102e+011  3.374453768104e+011
 -7.009265893190e+011  3.374335733621e+011
 -7.009322714290e+011  3.374217698182e+011
 -7.009379533403e+011  3.374099661785e+011
 -7.009436350528e+011  3.373981624432e+011
 -7.009493165665e+011  3.373863586122e+011
 -7.009549978815e+011  3.373745546855e+011
 -7.009606789977e+011  3.373627506631e+011
 -7.009663599152e+011  3.373509465451e+011
 -7.009720406339e+011  3.373391423314e+011
 -7.009777211538e+011  3.373273380221e+011
 -7.009834014749e+011  3.373155336171e+011
 -7.009890815973e+011  3.373037291164e+011
 -7.009947615209e+011  3.372919245201e+011
 -7.010004412458e+011  3.372801198282e+011
 -7.010061207719e+011  3.372683150406e+011
 -7.010118000991e+011  3.372565101573e+011
 -7.010174792277e+011  3.372447051785e+011
 -7.010231581574e+011  3.372329001040e+011
 -7.010288368883e+011  3.372210949338e+011
 -7.010345154205e+011  3.372092896681e+011
 -7.010401937539e+011  3.371974843067e+011
 -7.010458718885e+011  3.371856788497e+011
 -7.010515498243e+011  3.371738732971e+011
 -7.010572275613e+011  3.371620676488e+011
 -7.010629050995e+011  3.371502619050e+011
 -7.010685824390e+011  3.371384560655e+011
 -7.010742595796e+011  3.371266501305e+011
 -7.010799365215e+011  3.371148440998e+011
 -7.010856132645e+011  3.371030379736e+011
 -7.010912898087e+011  3.370912317517e+011
 -7.010969661542e+011  3.370794254343e+011
 -7.011026423008e+011  3.370676190213e+011
 -7.011083182487e+011  3.370558125127e+011
 -7.011139939977e+011  3.370440059085e+011
 -7.011196695479e+011  3.370321992088e+011
 -7.011253448994e+011  3.370203924134e+011
 -7.011310200520e+011  3.370085855225e+011
 -7.011366950058e+011  3.369967785361e+011
 -7.011423697607e+011  3.369849714541e+011
 -7.011480443169e+011  3.369731642765e+011
 -7.011537186743e+011  3.369613570033e+011
 -7.011593928328e+011  3.369495496346e+011
 -7.011650667925e+011  3.369377421704e+011
 -7.011707405534e+011  3.369259346106e+011
 -7.011764141154e+011  3.369141269553e+011
 -7.011820874787e+011  3.369023192044e+011
 -7.011877606431e+011  3.368905113580e+011
 -7.011934336087e+011  3.368787034160e+011
 -7.011991063754e+011  3.368668953786e+011
 -7.012047789434e+011  3.368550872456e+011
 -7.012104513125e+011  3.368432790171e+011
 -7.012161234827e+011  3.368314706930e+011
 -7.012217954541e+011  3.368196622735e+011
 -7.012274672267e+011  3.368078537584e+011
 -7.012331388005e+011  3.367960451478e+011
 -7.012388101754e+011  3.367842364418e+011
 -7.012444813514e+011  3.367724276402e+011
 -7.012501523286e+011  3.367606187431e+011
 -7.012558231070e+011  3.367488097505e+011
 -7.012614936865e+011  3.367370006624e+011
 -7.012671640672e+011  3.367251914789e+011
 -7.012728342490e+011  3.367133821998e+011
 -7.012785042320e+011  3.367015728253e+011
 -7.012841740161e+011  3.366897633553e+011
 -7.012898436013e+011  3.366779537898e+011
 -7.012955129877e+011  3.366661441289e+011
 -7.013011821753e+011  3.366543343724e+011
 -7.013068511640e+011  3.366425245206e+011
 -7.013125199538e+011  3.366307145732e+011
 -7.013181885447e+011  3.366189045304e+011
 -7.013238569368e+011  3.366070943921e+011
 -7.013295251301e+011  3.365952841584e+011
 -7.013351931244e+011  3.365834738292e+011
 -7.013408609199e+011  3.365716634046e+011
 -7.013465285165e+011  3.365598528846e+011
 -7.013521959143e+011  3.365480422691e+011
 -7.013578631131e+011  3.365362315582e+011
 -7.013635301131e+011  3.365244207518e+011
 -7.013691969142e+011  3.365126098500e+011
 -7.013748635164e+011  3.365007988528e+011
 -7.013805299198e+011  3.364889877602e+011
 -7.013861961243e+011  3.364771765721e+011
 -7.013918621298e+011  3.364653652886e+011
 -7.013975279365e+011  3.364535539097e+011
 -7.014031935443e+011  3.364417424355e+011
 -7.014088589533e+011  3.364299308658e+011
 -7.014145241633e+011  3.364181192007e+011
 -7.014201891744e+011  3.364063074402e+011
 -7.014258539867e+011  3.363944955843e+011
 -7.014315186000e+011  3.363826836330e+011
 -7.014371830145e+011  3.363708715863e+011
 -7.014428472300e+011  3.363590594443e+011
 -7.014485112467e+011  3.363472472068e+011
 -7.014541750644e+011  3.363354348740e+011
 -7.014598386832e+011  3.363236224458e+011
 -7.014655021032e+011  3.363118099222e+011
 -7.014711653242e+011  3.362999973033e+011
 -7.014768283463e+011  3.362881845890e+011
 -7.014824911695e+011  3.362763717793e+011
 -7.014881537938e+011  3.362645588743e+011
 -7.014938162192e+011  3.362527458740e+011
 -7.014994784457e+011  3.362409327782e+011
 -7.015051404732e+011  3.362291195872e+011
 -7.015108023019e+011  3.362173063007e+011
 -7.015164639316e+011  3.362054929190e+011
 -7.015221253624e+011  3.361936794419e+011
 -7.015277865942e+011  3.361818658694e+011
 -7.015334476272e+011  3.361700522017e+011
 -7.015391084612e+011  3.361582384386e+011
 -7.015447690963e+011  3.361464245802e+011
 -7.015504295324e+011  3.361346106264e+011
 -7.015560897697e+011  3.361227965774e+011
 -7.015617498080e+011  3.361109824330e+011
 -7.015674096473e+011  3.360991681933e+011
 -7.015730692878e+011  3.360873538583e+011
 -7.015787287292e+011  3.360755394280e+011
 -7.015843879718e+011  3.360637249024e+011
 -7.015900470154e+011  3.360519102815e+011
 -7.015957058601e+011  3.360400955653e+011
 -7.016013645058e+011  3.360282807539e+011
 -7.016070229526e+011  3.360164658471e+011
 -7.016126812004e+011  3.360046508450e+011
 -7.016183392493e+011  3.359928357477e+011
 -7.016239970992e+011  3.359810205551e+011
 -7.016296547502e+011  3.359692052672e+011
 -7.016353122022e+011  3.359573898840e+011
 -7.016409694553e+011  3.359455744056e+011
 -7.016466265094e+011  3.359337588319e+011
 -7.016522833645e+011  3.359219431630e+011
 -7.016579400207e+011  3.359101273987e+011
 -7.016635964779e+011  3.358983115393e+011
 -7.016692527362e+011  3.358864955846e+011
 -7.016749087955e+011  3.358746795346e+011
 -7.016805646558e+011  3.358628633894e+011
 -7.016862203172e+011  3.358510471489e+011
 -7.016918757796e+011  3.358392308132e+011
 -7.016975310430e+011  3.358274143823e+011
 -7.017031861075e+011  3.358155978562e+011
 -7.017088409730e+011  3.358037812348e+011
 -7.017144956395e+011  3.357919645182e+011
 -7.017201501070e+011  3.357801477064e+011
 -7.017258043755e+011  3.357683307993e+011
 -7.017314584451e+011  3.357565137971e+011
 -7.017371123157e+011  3.357446966996e+011
 -7.017427659873e+011  3.357328795069e+011
 -7.017484194599e+011  3.357210622190e+011
 -7.017540727335e+011  3.357092448360e+011
 -7.017597258081e+011  3.356974273577e+011
 -7.017653786838e+011  3.356856097842e+011
 -7.017710313604e+011  3.356737921155e+011
 -7.017766838381e+011  3.356619743517e+011
 -7.017823361167e+011  3.356501564927e+011
 -7.017879881964e+011  3.356383385384e+011
 -7.017936400771e+011  3.356265204890e+011
 -7.017992917587e+011  3.356147023445e+011
 -7.018049432414e+011  3.356028841047e+011
 -7.018105945251e+011  3.355910657698e+011
 -7.018162456097e+011  3.355792473398e+011
 -7.018218964954e+011  3.355674288145e+011
 -7.018275471820e+011  3.355556101942e+011
 -7.018331976696e+011  3.355437914786e+011
 -7.018388479583e+011  3.355319726679e+011
 -7.018444980479e+011  3.355201537621e+011
 -7.018501479384e+011  3.355083347611e+011
 -7.018557976300e+011  3.354965156650e+011
 -7.018614471226e+011  3.354846964737e+011
 -7.018670964161e+011  3.354728771873e+011
 -7.018727455106e+011  3.354610578058e+011
 -7.018783944061e+011  3.354492383292e+011
 -7.018840431026e+011  3.354374187574e+011
 -7.018896916000e+011  3.354255990905e+011
 -7.018953398984e+011  3.354137793285e+011
 -7.019009879978e+011  3.354019594713e+011
 -7.019066358982e+011  3.353901395191e+011
 -7.019122835995e+011  3.353783194718e+011
 -7.019179311018e+011  3.353664993293e+011
 -7.019235784050e+011  3.353546790918e+011
 -7.019292255093e+011  3.353428587591e+011
 -7.019348724144e+011  3.353310383314e+011
 -7.019405191206e+011  3.353192178086e+011
 -7.019461656277e+011  3.353073971907e+011
 -7.019518119357e+011  3.352955764777e+011
 -7.019574580447e+011  3.352837556696e+011
 -7.019631039547e+011  3.352719347664e+011
 -7.019687496656e+011  3.352601137682e+011
 -7.019743951774e+011  3.352482926749e+011
 -7.019800404903e+011  3.352364714865e+011
 -7.019856856040e+011  3.352246502031e+011
 -7.019913305187e+011  3.352128288246e+011
 -7.019969752344e+011  3.352010073511e+011
 -7.020026197509e+011  3.351891857825e+011
 -7.020082640685e+011  3.351773641188e+011
 -7.020139081869e+011  3.351655423602e+011
 -7.020195521063e+011  3.351537205064e+011
 -7.020251958267e+011  3.351418985576e+011
 -7.020308393479e+011  3.351300765138e+011
 -7.020364826701e+011  3.351182543750e+011
 -7.020421257933e+011  3.351064321411e+011
 -7.020477687173e+011  3.350946098122e+011
 -7.020534114423e+011  3.350827873883e+011
 -7.020590539682e+011  3.350709648693e+011
 -7.020646962951e+011  3.350591422554e+011
 -7.020703384229e+011  3.350473195464e+011
 -7.020759803515e+011  3.350354967424e+011
 -7.020816220811e+011  3.350236738434e+011
 -7.020872636117e+011  3.350118508494e+011
 -7.020929049431e+011  3.350000277604e+011
 -7.020985460755e+011  3.349882045765e+011
 -7.021041870087e+011  3.349763812975e+011
 -7.021098277429e+011  3.349645579235e+011
 -7.021154682780e+011  3.349527344545e+011
 -7.021211086140e+011  3.349409108906e+011
 -7.021267487509e+011  3.349290872317e+011
 -7.021323886887e+011  3.349172634778e+011
 -7.021380284274e+011  3.349054396289e+011
 -7.021436679670e+011  3.348936156851e+011
 -7.021493073075e+011  3.348817916463e+011
 -7.021549464489e+011  3.348699675125e+011
 -7.021605853913e+011  3.348581432838e+011
 -7.021662241345e+011  3.348463189601e+011
 -7.021718626786e+011  3.348344945415e+011
 -7.021775010235e+011  3.348226700279e+011
 -7.021831391694e+011  3.348108454194e+011
 -7.021887771162e+011  3.347990207159e+011
 -7.021944148639e+011  3.347871959175e+011
 -7.022000524124e+011  3.347753710241e+011
 -7.022056897618e+011  3.347635460359e+011
 -7.022113269121e+011  3.347517209526e+011
 -7.022169638633e+011  3.347398957745e+011
 -7.022226006154e+011  3.347280705015e+011
 -7.022282371684e+011  3.347162451335e+011
 -7.022338735222e+011  3.347044196706e+011
 -7.022395096769e+011  3.346925941128e+011
 -7.022451456325e+011  3.346807684601e+011
 -7.022507813889e+011  3.346689427125e+011
 -7.022564169462e+011  3.346571168699e+011
 -7.022620523044e+011  3.346452909325e+011
 -7.022676874634e+011  3.346334649002e+011
 -7.022733224234e+011  3.346216387730e+011
 -7.022789571841e+011  3.346098125509e+011
 -7.022845917458e+011  3.345979862339e+011
 -7.022902261083e+011  3.345861598221e+011
 -7.022958602716e+011  3.345743333153e+011
 -7.023014942359e+011  3.345625067137e+011
 -7.023071280009e+011  3.345506800172e+011
 -7.023127615669e+011  3.345388532258e+011
 -7.023183949336e+011  3.345270263396e+011
 -7.023240281013e+011  3.345151993585e+011
 -7.023296610697e+011  3.345033722826e+011
 -7.023352938391e+011  3.344915451118e+011
 -7.023409264092e+011  3.344797178461e+011
 -7.023465587802e+011  3.344678904856e+011
 -7.023521909521e+011  3.344560630303e+011
 -7.023578229248e+011  3.344442354801e+011
 -7.023634546983e+011  3.344324078351e+011
 -7.023690862727e+011  3.344205800952e+011
 -7.023747176479e+011  3.344087522605e+011
 -7.023803488240e+011  3.343969243310e+011
 -7.023859798009e+011  3.343850963067e+011
 -7.023916105786e+011  3.343732681875e+011
 -7.023972411571e+011  3.343614399735e+011
 -7.024028715365e+011  3.343496116647e+011
 -7.024085017167e+011  3.343377832611e+011
 -7.024141316977e+011  3.343259547627e+011
 -7.024197614795e+011  3.343141261694e+011
 -7.024253910622e+011  3.343022974814e+011
 -7.024310204457e+011  3.342904686986e+011
 -7.024366496300e+011  3.342786398210e+011
 -7.024422786151e+011  3.342668108485e+011
 -7.024479074011e+011  3.342549817813e+011
 -7.024535359878e+011  3.342431526194e+011
 -7.024591643754e+011  3.342313233626e+011
 -7.024647925638e+011  3.342194940110e+011
 -7.024704205529e+011  3.342076645647e+011
 -7.024760483429e+011  3.341958350236e+011
 -7.024816759337e+011  3.341840053878e+011
 -7.024873033253e+011  3.341721756572e+011
 -7.024929305177e+011  3.341603458318e+011
 -7.024985575109e+011  3.341485159116e+011
 -7.025041843050e+011  3.341366858967e+011
 -7.025098108998e+011  3.341248557871e+011
 -7.025154372954e+011  3.341130255827e+011
 -7.025210634917e+011  3.341011952835e+011
 -7.025266894889e+011  3.340893648897e+011
 -7.025323152869e+011  3.340775344010e+011
 -7.025379408857e+011  3.340657038177e+011
 -7.025435662852e+011  3.340538731396e+011
 -7.025491914856e+011  3.340420423668e+011
 -7.025548164867e+011  3.340302114992e+011
 -7.025604412886e+011  3.340183805370e+011
 -7.025660658913e+011  3.340065494800e+011
 -7.025716902948e+011  3.339947183283e+011
 -7.025773144990e+011  3.339828870819e+011
 -7.025829385041e+011  3.339710557408e+011
 -7.025885623099e+011  3.339592243050e+011
 -7.025941859165e+011  3.339473927745e+011
 -7.025998093238e+011  3.339355611492e+011
 -7.026054325319e+011  3.339237294293e+011
 -7.026110555408e+011  3.339118976147e+011
 -7.026166783505e+011  3.339000657055e+011
 -7.026223009609e+011  3.338882337015e+011
 -7.026279233721e+011  3.338764016028e+011
 -7.026335455841e+011  3.338645694095e+011
 -7.026391675968e+011  3.338527371215e+011
 -7.026447894103e+011  3.338409047388e+011
 -7.026504110245e+011  3.338290722615e+011
 -7.026560324395e+011  3.338172396895e+011
 -7.026616536552e+011  3.338054070228e+011
 -7.026672746717e+011  3.337935742615e+011
 -7.026728954890e+011  3.337817414055e+011
 -7.026785161070e+011  3.337699084549e+011
 -7.026841365257e+011  3.337580754096e+011
 -7.026897567452e+011  3.337462422697e+011
 -7.026953767654e+011  3.337344090352e+011
 -7.027009965864e+011  3.337225757060e+011
 -7.027066162081e+011  3.337107422821e+011
 -7.027122356306e+011  3.336989087637e+011
 -7.027178548538e+011  3.336870751506e+011
 -7.027234738777e+011  3.336752414429e+011
 -7.027290927024e+011  3.336634076406e+011
 -7.027347113278e+011  3.336515737436e+011
 -7.027403297540e+011  3.336397397520e+011
 -7.027459479809e+011  3.336279056659e+011
 -7.027515660085e+011  3.336160714851e+011
 -7.027571838368e+011  3.336042372097e+011
 -7.027628014658e+011  3.335924028397e+011
 -7.027684188956e+011  3.335805683752e+011
 -7.027740361261e+011  3.335687338160e+011
 -7.027796531574e+011  3.335568991622e+011
 -7.027852699893e+011  3.335450644139e+011
 -7.027908866220e+011  3.335332295709e+011
 -7.027965030553e+011  3.335213946334e+011
 -7.028021192894e+011  3.335095596013e+011
 -7.028077353242e+011  3.334977244747e+011
 -7.028133511598e+011  3.334858892534e+011
 -7.028189667960e+011  3.334740539377e+011
 -7.028245822329e+011  3.334622185273e+011
 -7.028301974706e+011  3.334503830224e+011
 -7.028358125089e+011  3.334385474229e+011
 -7.028414273480e+011  3.334267117289e+011
 -7.028470419877e+011  3.334148759403e+011
 -7.028526564282e+011  3.334030400572e+011
 -7.028582706693e+011  3.333912040795e+011
 -7.028638847112e+011  3.333793680073e+011
 -7.028694985537e+011  3.333675318405e+011
 -7.028751121970e+011  3.333556955792e+011
 -7.028807256409e+011  3.333438592234e+011
 -7.028863388855e+011  3.333320227731e+011
 -7.028919519309e+011  3.333201862282e+011
 -7.028975647769e+011  3.333083495889e+011
 -7.029031774236e+011  3.332965128550e+011
 -7.029087898709e+011  3.332846760266e+011
 -7.029144021190e+011  3.332728391036e+011
 -7.029200141677e+011  3.332610020862e+011
 -7.029256260171e+011  3.332491649743e+011
 -7.029312376672e+011  3.332373277679e+011
 -7.029368491180e+011  3.332254904670e+011
 -7.029424603695e+011  3.332136530715e+011
 -7.029480714216e+011  3.332018155816e+011
 -7.029536822744e+011  3.331899779972e+011
 -7.029592929278e+011  3.331781403184e+011
 -7.029649033820e+011  3.331663025450e+011
 -7.029705136368e+011  3.331544646772e+011
 -7.029761236922e+011  3.331426267149e+011
 -7.029817335484e+011  3.331307886581e+011
 -7.029873432052e+011  3.331189505069e+011
 -7.029929526626e+011  3.331071122612e+011
 -7.029985619207e+011  3.330952739210e+011
 -7.030041709795e+011  3.330834354864e+011
 -7.030097798389e+011  3.330715969574e+011
 -7.030153884990e+011  3.330597583339e+011
 -7.030209969597e+011  3.330479196159e+011
 -7.030266052211e+011  3.330360808035e+011
 -7.030322132831e+011  3.330242418967e+011
 -7.030378211458e+011  3.330124028954e+011
 -7.030434288091e+011  3.330005637997e+011
 -7.030490362731e+011  3.329887246095e+011
 -7.030546435377e+011  3.329768853250e+011
 -7.030602506030e+011  3.329650459460e+011
 -7.030658574689e+011  3.329532064726e+011
 -7.030714641354e+011  3.329413669048e+011
 -7.030770706026e+011  3.329295272425e+011
 -7.030826768704e+011  3.329176874859e+011
 -7.030882829388e+011  3.329058476348e+011
 -7.030938888079e+011  3.328940076894e+011
 -7.030994944776e+011  3.328821676496e+011
 -7.031050999479e+011  3.328703275153e+011
 -7.031107052189e+011  3.328584872867e+011
 -7.031163102905e+011  3.328466469637e+011
 -7.031219151627e+011  3.328348065463e+011
 -7.031275198355e+011  3.328229660345e+011
 -7.031331243090e+011  3.328111254283e+011
 -7.031387285830e+011  3.327992847278e+011
 -7.031443326577e+011  3.327874439328e+011
 -7.031499365330e+011  3.327756030436e+011
 -7.031555402090e+011  3.327637620599e+011
 -7.031611436855e+011  3.327519209819e+011
 -7.031667469626e+011  3.327400798095e+011
 -7.031723500404e+011  3.327282385428e+011
 -7.031779529188e+011  3.327163971817e+011
 -7.031835555977e+011  3.327045557263e+011
 -7.031891580773e+011  3.326927141765e+011
 -7.031947603575e+011  3.326808725324e+011
 -7.032003624383e+011  3.326690307940e+011
 -7.032059643196e+011  3.326571889612e+011
 -7.032115660016e+011  3.326453470341e+011
 -7.032171674842e+011  3.326335050127e+011
 -7.032227687674e+011  3.326216628969e+011
 -7.032283698511e+011  3.326098206868e+011
 -7.032339707355e+011  3.325979783824e+011
 -7.032395714204e+011  3.325861359837e+011
 -7.032451719060e+011  3.325742934906e+011
 -7.032507721921e+011  3.325624509033e+011
 -7.032563722788e+011  3.325506082217e+011
 -7.032619721661e+011  3.325387654457e+011
 -7.032675718540e+011  3.325269225755e+011
 -7.032731713424e+011  3.325150796109e+011
 -7.032787706315e+011  3.325032365521e+011
 -7.032843697211e+011  3.324913933990e+011
 -7.032899686113e+011  3.324795501516e+011
 -7.032955673020e+011  3.324677068099e+011
 -7.033011657934e+011  3.324558633740e+011
 -7.033067640853e+011  3.324440198437e+011
 -7.033123621778e+011  3.324321762192e+011
 -7.033179600708e+011  3.324203325004e+011
 -7.033235577644e+011  3.324084886874e+011
 -7.033291552586e+011  3.323966447801e+011
 -7.033347525533e+011  3.323848007786e+011
 -7.033403496486e+011  3.323729566827e+011
 -7.033459465445e+011  3.323611124927e+011
 -7.033515432409e+011  3.323492682084e+011
 -7.033571397379e+011  3.323374238298e+011
 -7.033627360355e+011  3.323255793570e+011
 -7.033683321336e+011  3.323137347900e+011
 -7.033739280322e+011  3.323018901287e+011
 -7.033795237314e+011  3.322900453732e+011
 -7.033851192311e+011  3.322782005235e+011
 -7.033907145314e+011  3.322663555796e+011
 -7.033963096323e+011  3.322545105414e+011
 -7.034019045337e+011  3.322426654090e+011
 -7.034074992356e+011  3.322308201824e+011
 -7.034130937381e+011  3.322189748616e+011
 -7.034186880411e+011  3.322071294466e+011
 -7.034242821446e+011  3.321952839374e+011
 -7.034298760487e+011  3.321834383340e+011
 -7.034354697533e+011  3.321715926364e+011
 -7.034410632585e+011  3.321597468445e+011
 -7.034466565642e+011  3.321479009585e+011
 -7.034522496704e+011  3.321360549784e+011
 -7.034578425771e+011  3.321242089040e+011
 -7.034634352844e+011  3.321123627354e+011
 -7.034690277922e+011  3.321005164727e+011
 -7.034746201005e+011  3.320886701158e+011
 -7.034802122093e+011  3.320768236647e+011
 -7.034858041187e+011  3.320649771195e+011
 -7.034913958286e+011  3.320531304801e+011
 -7.034969873390e+011  3.320412837465e+011
 -7.035025786499e+011  3.320294369188e+011
 -7.035081697613e+011  3.320175899970e+011
 -7.035137606733e+011  3.320057429809e+011
 -7.035193513857e+011  3.319938958708e+011
 -7.035249418987e+011  3.319820486665e+011
 -7.035305322121e+011  3.319702013680e+011
 -7.035361223261e+011  3.319583539754e+011
 -7.035417122406e+011  3.319465064887e+011
 -7.035473019556e+011  3.319346589078e+011
 -7.035528914711e+011  3.319228112329e+011
 -7.035584807871e+011  3.319109634638e+011
 -7.035640699036e+011  3.318991156005e+011
 -7.035696588205e+011  3.318872676432e+011
 -7.035752475380e+011  3.318754195918e+011
 -7.035808360560e+011  3.318635714462e+011
 -7.035864243744e+011  3.318517232065e+011
 -7.035920124934e+011  3.318398748728e+011
 -7.035976004128e+011  3.318280264449e+011
 -7.036031881328e+011  3.318161779229e+011
 -7.036087756532e+011  3.318043293069e+011
 -7.036143629741e+011  3.317924805967e+011
 -7.036199500955e+011  3.317806317925e+011
 -7.036255370173e+011  3.317687828942e+011
 -7.036311237397e+011  3.317569339018e+011
 -7.036367102625e+011  3.317450848153e+011
 -7.036422965858e+011  3.317332356348e+011
 -7.036478827096e+011  3.317213863602e+011
 -7.036534686338e+011  3.317095369915e+011
 -7.036590543585e+011  3.316976875287e+011
 -7.036646398837e+011  3.316858379719e+011
 -7.036702252094e+011  3.316739883211e+011
 -7.036758103355e+011  3.316621385762e+011
 -7.036813952621e+011  3.316502887372e+011
 -7.036869799891e+011  3.316384388042e+011
 -7.036925645167e+011  3.316265887772e+011
 -7.036981488446e+011  3.316147386561e+011
 -7.037037329731e+011  3.316028884410e+011
 -7.037093169020e+011  3.315910381318e+011
 -7.037149006313e+011  3.315791877286e+011
 -7.037204841611e+011  3.315673372314e+011
 -7.037260674914e+011  3.315554866402e+011
 -7.037316506221e+011  3.315436359550e+011
 -7.037372335532e+011  3.315317851757e+011
 -7.037428162848e+011  3.315199343024e+011
 -7.037483988169e+011  3.315080833351e+011
 -7.037539811494e+011  3.314962322738e+011
 -7.037595632823e+011  3.314843811186e+011
 -7.037651452157e+011  3.314725298693e+011
 -7.037707269495e+011  3.314606785260e+011
 -7.037763084837e+011  3.314488270887e+011
 -7.037818898184e+011  3.314369755574e+011
 -7.037874709535e+011  3.314251239322e+011
 -7.037930518891e+011  3.314132722129e+011
 -7.037986326251e+011  3.314014203997e+011
 -7.038042131615e+011  3.313895684925e+011
 -7.038097934984e+011  3.313777164914e+011
 -7.038153736356e+011  3.313658643963e+011
 -7.038209535733e+011  3.313540122072e+011
 -7.038265333115e+011  3.313421599241e+011
 -7.038321128500e+011  3.313303075471e+011
 -7.038376921890e+011  3.313184550761e+011
 -7.038432713284e+011  3.313066025112e+011
 -7.038488502682e+011  3.312947498524e+011
 -7.038544290084e+011  3.312828970995e+011
 -7.038600075490e+011  3.312710442528e+011
 -7.038655858901e+011  3.312591913121e+011
 -7.038711640316e+011  3.312473382775e+011
 -7.038767419734e+011  3.312354851489e+011
 -7.038823197157e+011  3.312236319264e+011
 -7.038878972584e+011  3.312117786100e+011
 -7.038934746015e+011  3.311999251997e+011
 -7.038990517450e+011  3.311880716954e+011
 -7.039046286889e+011  3.311762180973e+011
 -7.039102054332e+011  3.311643644052e+011
 -7.039157819779e+011  3.311525106192e+011
 -7.039213583230e+011  3.311406567393e+011
 -7.039269344684e+011  3.311288027655e+011
 -7.039325104143e+011  3.311169486978e+011
 -7.039380861606e+011  3.311050945363e+011
 -7.039436617073e+011  3.310932402808e+011
 -7.039492370543e+011  3.310813859314e+011
 -7.039548122018e+011  3.310695314882e+011
 -7.039603871496e+011  3.310576769511e+011
 -7.039659618978e+011  3.310458223201e+011
 -7.039715364464e+011  3.310339675952e+011
 -7.039771107954e+011  3.310221127764e+011
 -7.039826849447e+011  3.310102578638e+011
 -7.039882588944e+011  3.309984028573e+011
 -7.039938326446e+011  3.309865477570e+011
 -7.039994061950e+011  3.309746925628e+011
 -7.040049795459e+011  3.309628372747e+011
 -7.040105526971e+011  3.309509818928e+011
 -7.040161256487e+011  3.309391264171e+011
 -7.040216984007e+011  3.309272708475e+011
 -7.040272709530e+011  3.309154151841e+011
 -7.040328433057e+011  3.309035594268e+011
 -7.040384154588e+011  3.308917035757e+011
 -7.040439874122e+011  3.308798476308e+011
 -7.040495591660e+011  3.308679915920e+011
 -7.040551307201e+011  3.308561354594e+011
 -7.040607020747e+011  3.308442792330e+011
 -7.040662732295e+011  3.308324229128e+011
 -7.040718441847e+011  3.308205664987e+011
 -7.040774149403e+011  3.308087099909e+011
 -7.040829854962e+011  3.307968533892e+011
 -7.040885558525e+011  3.307849966938e+011
 -7.040941260091e+011  3.307731399045e+011
 -7.040996959660e+011  3.307612830215e+011
 -7.041052657234e+011  3.307494260446e+011
 -7.041108352810e+011  3.307375689740e+011
 -7.041164046390e+011  3.307257118095e+011
 -7.041219737973e+011  3.307138545513e+011
 -7.041275427560e+011  3.307019971993e+011
 -7.041331115150e+011  3.306901397536e+011
 -7.041386800743e+011  3.306782822140e+011
 -7.041442484340e+011  3.306664245807e+011
 -7.041498165940e+011  3.306545668536e+011
 -7.041553845544e+011  3.306427090328e+011
 -7.041609523150e+011  3.306308511182e+011
 -7.041665198760e+011  3.306189931098e+011
 -7.041720872373e+011  3.306071350077e+011
 -7.041776543990e+011  3.305952768119e+011
 -7.041832213610e+011  3.305834185223e+011
 -7.041887881232e+011  3.305715601389e+011
 -7.041943546859e+011  3.305597016618e+011
 -7.041999210488e+011  3.305478430910e+011
 -7.042054872120e+011  3.305359844265e+011
 -7.042110531756e+011  3.305241256682e+011
 -7.042166189395e+011  3.305122668162e+011
 -7.042221845036e+011  3.305004078704e+011
 -7.042277498681e+011  3.304885488310e+011
 -7.042333150329e+011  3.304766896978e+011
 -7.042388799980e+011  3.304648304709e+011
 -7.042444447634e+011  3.304529711503e+011
 -7.042500093292e+011  3.304411117360e+011
 -7.042555736952e+011  3.304292522280e+011
 -7.042611378615e+011  3.304173926263e+011
 -7.042667018281e+011  3.304055329309e+011
 -7.042722655950e+011  3.303936731418e+011
 -7.042778291622e+011  3.303818132590e+011
 -7.042833925298e+011  3.303699532826e+011
 -7.042889556975e+011  3.303580932124e+011
 -7.042945186656e+011  3.303462330486e+011
 -7.043000814340e+011  3.303343727911e+011
 -7.043056440027e+011  3.303225124399e+011
 -7.043112063716e+011  3.303106519951e+011
 -7.043167685409e+011  3.302987914566e+011
 -7.043223305104e+011  3.302869308244e+011
 -7.043278922802e+011  3.302750700986e+011
 -7.043334538503e+011  3.302632092791e+011
 -7.043390152206e+011  3.302513483659e+011
 -7.043445763913e+011  3.302394873592e+011
 -7.043501373622e+011  3.302276262587e+011
 -7.043556981334e+011  3.302157650646e+011
 -7.043612587048e+011  3.302039037769e+011
 -7.043668190766e+011  3.301920423956e+011
 -7.043723792486e+011  3.301801809206e+011
 -7.043779392208e+011  3.301683193520e+011
 -7.043834989934e+011  3.301564576898e+011
 -7.043890585662e+011  3.301445959339e+011
 -7.043946179392e+011  3.301327340844e+011
 -7.044001771125e+011  3.301208721413e+011
 -7.044057360861e+011  3.301090101046e+011
 -7.044112948600e+011  3.300971479743e+011
 -7.044168534340e+011  3.300852857504e+011
 -7.044224118084e+011  3.300734234329e+011
 -7.044279699830e+011  3.300615610218e+011
 -7.044335279578e+011  3.300496985171e+011
 -7.044390857329e+011  3.300378359188e+011
 -7.044446433083e+011  3.300259732269e+011
 -7.044502006839e+011  3.300141104414e+011
 -7.044557578597e+011  3.300022475623e+011
 -7.044613148358e+011  3.299903845897e+011
 -7.044668716122e+011  3.299785215235e+011
 -7.044724281887e+011  3.299666583637e+011
 -7.044779845655e+011  3.299547951104e+011
 -7.044835407426e+011  3.299429317634e+011
 -7.044890967199e+011  3.299310683230e+011
 -7.044946524974e+011  3.299192047889e+011
 -7.045002080751e+011  3.299073411614e+011
 -7.045057634531e+011  3.298954774402e+011
 -7.045113186313e+011  3.298836136255e+011
 -7.045168736098e+011  3.298717497173e+011
 -7.045224283884e+011  3.298598857155e+011
 -7.045279829673e+011  3.298480216202e+011
 -7.045335373464e+011  3.298361574314e+011
 -7.045390915258e+011  3.298242931490e+011
 -7.045446455053e+011  3.298124287731e+011
 -7.045501992851e+011  3.298005643037e+011
 -7.045557528651e+011  3.297886997407e+011
 -7.045613062453e+011  3.297768350843e+011
 -7.045668594257e+011  3.297649703343e+011
 -7.045724124063e+011  3.297531054908e+011
 -7.045779651872e+011  3.297412405538e+011
 -7.045835177682e+011  3.297293755233e+011
 -7.045890701495e+011  3.297175103993e+011
 -7.045946223309e+011  3.297056451818e+011
 -7.046001743126e+011  3.296937798708e+011
 -7.046057260945e+011  3.296819144663e+011
 -7.046112776765e+011  3.296700489683e+011
 -7.046168290588e+011  3.296581833769e+011
 -7.046223802413e+011  3.296463176919e+011
 -7.046279312239e+011  3.296344519135e+011
 -7.046334820068e+011  3.296225860416e+011
 -7.046390325899e+011  3.296107200763e+011
 -7.046445829731e+011  3.295988540175e+011
 -7.046501331565e+011  3.295869878652e+011
 -7.046556831402e+011  3.295751216194e+011
 -7.046612329240e+011  3.295632552802e+011
 -7.046667825080e+011  3.295513888476e+011
 -7.046723318921e+011  3.295395223214e+011
 -7.046778810765e+011  3.295276557019e+011
 -7.046834300610e+011  3.295157889889e+011
 -7.046889788458e+011  3.295039221824e+011
 -7.046945274307e+011  3.294920552826e+011
 -7.047000758157e+011  3.294801882893e+011
 -7.047056240010e+011  3.294683212025e+011
 -7.047111719864e+011  3.294564540224e+011
 -7.047167197720e+011  3.294445867488e+011
 -7.047222673578e+011  3.294327193818e+011
 -7.047278147437e+011  3.294208519213e+011
 -7.047333619298e+011  3.294089843675e+011
 -7.047389089160e+011  3.293971167202e+011
 -7.047444557025e+011  3.293852489796e+011
 -7.047500022891e+011  3.293733811455e+011
 -7.047555486758e+011  3.293615132181e+011
 -7.047610948627e+011  3.293496451972e+011
 -7.047666408498e+011  3.293377770830e+011
 -7.047721866370e+011  3.293259088753e+011
 -7.047777322244e+011  3.293140405743e+011
 -7.047832776119e+011  3.293021721799e+011
 -7.047888227996e+011  3.292903036921e+011
 -7.047943677874e+011  3.292784351110e+011
 -7.047999125754e+011  3.292665664364e+011
 -7.048054571635e+011  3.292546976685e+011
 -7.048110015517e+011  3.292428288072e+011
 -7.048165457401e+011  3.292309598526e+011
 -7.048220897287e+011  3.292190908046e+011
 -7.048276335174e+011  3.292072216633e+011
 -7.048331771062e+011  3.291953524286e+011
 -7.048387204952e+011  3.291834831005e+011
 -7.048442636842e+011  3.291716136791e+011
 -7.048498066735e+011  3.291597441644e+011
 -7.048553494628e+011  3.291478745563e+011
 -7.048608920523e+011  3.291360048549e+011
 -7.048664344419e+011  3.291241350602e+011
 -7.048719766317e+011  3.291122651721e+011
 -7.048775186216e+011  3.291003951907e+011
 -7.048830604116e+011  3.290885251160e+011
 -7.048886020017e+011  3.290766549479e+011
 -7.048941433919e+011  3.290647846866e+011
 -7.048996845823e+011  3.290529143319e+011
 -7.049052255727e+011  3.290410438839e+011
 -7.049107663633e+011  3.290291733426e+011
 -7.049163069540e+011  3.290173027081e+011
 -7.049218473449e+011  3.290054319802e+011
 -7.049273875358e+011  3.289935611590e+011
 -7.049329275268e+011  3.289816902445e+011
 -7.049384673180e+011  3.289698192368e+011
 -7.049440069092e+011  3.289579481357e+011
 -7.049495463006e+011  3.289460769414e+011
 -7.049550854921e+011  3.289342056538e+011
 -7.049606244836e+011  3.289223342729e+011
 -7.049661632753e+011  3.289104627988e+011
 -7.049717018671e+011  3.288985912313e+011
 -7.049772402589e+011  3.288867195707e+011
 -7.049827784509e+011  3.288748478167e+011
 -7.049883164429e+011  3.288629759695e+011
 -7.049938542351e+011  3.288511040290e+011
 -7.049993918273e+011  3.288392319953e+011
 -7.050049292196e+011  3.288273598684e+011
 -7.050104664120e+011  3.288154876482e+011
 -7.050160034045e+011  3.288036153347e+011
 -7.050215401971e+011  3.287917429280e+011
 -7.050270767898e+011  3.287798704281e+011
 -7.050326131825e+011  3.287679978350e+011
 -7.050381493754e+011  3.287561251486e+011
 -7.050436853683e+011  3.287442523690e+011
 -7.050492211613e+011  3.287323794962e+011
 -7.050547567543e+011  3.287205065301e+011
 -7.050602921474e+011  3.287086334709e+011
 -7.050658273406e+011  3.286967603184e+011
 -7.050713623339e+011  3.286848870728e+011
 -7.050768971273e+011  3.286730137339e+011
 -7.050824317207e+011  3.286611403018e+011
 -7.050879661141e+011  3.286492667765e+011
 -7.050935003077e+011  3.286373931580e+011
 -7.050990343013e+011  3.286255194464e+011
 -7.051045680949e+011  3.286136456415e+011
 -7.051101016887e+011  3.286017717435e+011
 -7.051156350825e+011  3.285898977523e+011
 -7.051211682763e+011  3.285780236679e+011
 -7.051267012702e+011  3.285661494903e+011
 -7.051322340641e+011  3.285542752196e+011
 -7.051377666581e+011  3.285424008557e+011
 -7.051432990522e+011  3.285305263986e+011
 -7.051488312463e+011  3.285186518484e+011
 -7.051543632404e+011  3.285067772050e+011
 -7.051598950346e+011  3.284949024685e+011
 -7.051654266288e+011  3.284830276388e+011
 -7.051709580231e+011  3.284711527160e+011
 -7.051764892174e+011  3.284592777000e+011
 -7.051820202118e+011  3.284474025909e+011
 -7.051875510062e+011  3.284355273886e+011
 -7.051930816006e+011  3.284236520932e+011
 -7.051986119950e+011  3.284117767047e+011
 -7.052041421895e+011  3.283999012230e+011
 -7.052096721841e+011  3.283880256483e+011
 -7.052152019786e+011  3.283761499804e+011
 -7.052207315732e+011  3.283642742194e+011
 -7.052262609678e+011  3.283523983653e+011
 -7.052317901624e+011  3.283405224180e+011
 -7.052373191571e+011  3.283286463777e+011
 -7.052428479518e+011  3.283167702442e+011
 -7.052483765465e+011  3.283048940177e+011
 -7.052539049412e+011  3.282930176981e+011
 -7.052594331359e+011  3.282811412853e+011
 -7.052649611307e+011  3.282692647795e+011
 -7.052704889254e+011  3.282573881806e+011
 -7.052760165202e+011  3.282455114886e+011
 -7.052815439150e+011  3.282336347035e+011
 -7.052870711098e+011  3.282217578254e+011
 -7.052925981046e+011  3.282098808542e+011
 -7.052981248994e+011  3.281980037899e+011
 -7.053036514942e+011  3.281861266325e+011
 -7.053091778890e+011  3.281742493821e+011
 -7.053147040839e+011  3.281623720386e+011
 -7.053202300787e+011  3.281504946021e+011
 -7.053257558735e+011  3.281386170725e+011
 -7.053312814683e+011  3.281267394499e+011
 -7.053368068631e+011  3.281148617342e+011
 -7.053423320579e+011  3.281029839255e+011
 -7.053478570527e+011  3.280911060237e+011
 -7.053533818475e+011  3.280792280289e+011
 -7.053589064423e+011  3.280673499411e+011
 -7.053644308370e+011  3.280554717602e+011
 -7.053699550318e+011  3.280435934864e+011
 -7.053754790265e+011  3.280317151194e+011
 -7.053810028212e+011  3.280198366595e+011
 -7.053865264159e+011  3.280079581066e+011
 -7.053920498106e+011  3.279960794606e+011
 -7.053975730052e+011  3.279842007217e+011
 -7.054030959999e+011  3.279723218897e+011
 -7.054086187945e+011  3.279604429647e+011
 -7.054141413890e+011  3.279485639467e+011
 -7.054196637836e+011  3.279366848358e+011
 -7.054251859781e+011  3.279248056318e+011
 -7.054307079726e+011  3.279129263349e+011
 -7.054362297670e+011  3.279010469449e+011
 -7.054417513614e+011  3.278891674620e+011
 -7.054472727558e+011  3.278772878861e+011
 -7.054527939502e+011  3.278654082173e+011
 -7.054583149445e+011  3.278535284554e+011
 -7.054638357387e+011  3.278416486006e+011
 -7.054693563329e+011  3.278297686529e+011
 -7.054748767271e+011  3.278178886121e+011
 -7.054803969213e+011  3.278060084784e+011
 -7.054859169153e+011  3.277941282518e+011
 -7.054914367094e+011  3.277822479322e+011
 -7.054969563034e+011  3.277703675196e+011
 -7.055024756973e+011  3.277584870141e+011
 -7.055079948912e+011  3.277466064157e+011
 -7.055135138850e+011  3.277347257243e+011
 -7.055190326788e+011  3.277228449400e+011
 -7.055245512725e+011  3.277109640628e+011
 -7.055300696661e+011  3.276990830926e+011
 -7.055355878597e+011  3.276872020295e+011
 -7.055411058532e+011  3.276753208735e+011
 -7.055466236467e+011  3.276634396246e+011
 -7.055521412401e+011  3.276515582828e+011
 -7.055576586334e+011  3.276396768480e+011
 -7.055631758267e+011  3.276277953203e+011
 -7.055686928198e+011  3.276159136998e+011
 -7.055742096129e+011  3.276040319863e+011
 -7.055797262060e+011  3.275921501799e+011
 -7.055852425990e+011  3.275802682807e+011
 -7.055907587918e+011  3.275683862885e+011
 -7.055962747846e+011  3.275565042035e+011
 -7.056017905774e+011  3.275446220256e+011
 -7.056073061700e+011  3.275327397548e+011
 -7.056128215626e+011  3.275208573911e+011
 -7.056183367551e+011  3.275089749345e+011
 -7.056238517475e+011  3.274970923851e+011
 -7.056293665398e+011  3.274852097428e+011
 -7.056348811320e+011  3.274733270076e+011
 -7.056403955241e+011  3.274614441796e+011
 -7.056459097161e+011  3.274495612588e+011
 -7.056514237081e+011  3.274376782450e+011
 -7.056569374999e+011  3.274257951385e+011
