  2.025128149212e+011 -1.034199248858e+011
  2.025237734942e+011 -1.033984605038e+011
  2.025347297678e+011 -1.033769949480e+011
  2.025456837418e+011 -1.033555282184e+011
  2.025566354163e+011 -1.033340603154e+011
  2.025675847911e+011 -1.033125912392e+011
  2.025785318659e+011 -1.032911209900e+011
  2.025894766408e+011 -1.032696495681e+011
  2.026004191156e+011 -1.032481769738e+011
  2.026113592901e+011 -1.032267032072e+011
  2.026222971643e+011 -1.032052282686e+011
  2.026332327379e+011 -1.031837521583e+011
  2.026441660110e+011 -1.031622748765e+011
  2.026550969833e+011 -1.031407964234e+011
  2.026660256548e+011 -1.031193167993e+011
  2.026769520253e+011 -1.030978360045e+011
  2.026878760947e+011 -1.030763540391e+011
  2.026987978628e+011 -1.030548709034e+011
  2.027097173296e+011 -1.030333865977e+011
  2.027206344949e+011 -1.030119011222e+011
  2.027315493587e+011 -1.029904144772e+011
  2.027424619206e+011 -1.029689266629e+011
  2.027533721808e+011 -1.029474376794e+011
  2.027642801389e+011 -1.029259475272e+011
  2.027751857950e+011 -1.029044562064e+011
  2.027860891488e+011 -1.028829637173e+011
  2.027969902003e+011 -1.028614700601e+011
  2.028078889494e+011 -1.028399752351e+011
  2.028187853958e+011 -1.028184792424e+011
  2.028296795395e+011 -1.027969820824e+011
  2.028405713804e+011 -1.027754837553e+011
  2.028514609183e+011 -1.027539842613e+011
  2.028623481531e+011 -1.027324836007e+011
  2.028732330847e+011 -1.027109817737e+011
  2.028841157130e+011 -1.026894787806e+011
  2.028949960378e+011 -1.026679746216e+011
  2.029058740591e+011 -1.026464692970e+011
  2.029167497766e+011 -1.026249628069e+011
  2.029276231903e+011 -1.026034551517e+011
  2.029384943001e+011 -1.025819463316e+011
  2.029493631057e+011 -1.025604363468e+011
  2.029602296072e+011 -1.025389251976e+011
  2.029710938044e+011 -1.025174128842e+011
  2.029819556971e+011 -1.024958994069e+011
  2.029928152852e+011 -1.024743847659e+011
  2.030036725687e+011 -1.024528689614e+011
  2.030145275473e+011 -1.024313519937e+011
  2.030253802210e+011 -1.024098338631e+011
  2.030362305896e+011 -1.023883145697e+011
  2.030470786531e+011 -1.023667941139e+011
  2.030579244112e+011 -1.023452724958e+011
  2.030687678639e+011 -1.023237497158e+011
  2.030796090111e+011 -1.023022257740e+011
  2.030904478525e+011 -1.022807006707e+011
  2.031012843882e+011 -1.022591744062e+011
  2.031121186180e+011 -1.022376469807e+011
  2.031229505417e+011 -1.022161183944e+011
  2.031337801592e+011 -1.021945886476e+011
  2.031446074704e+011 -1.021730577405e+011
  2.031554324753e+011 -1.021515256734e+011
  2.031662551735e+011 -1.021299924465e+011
  2.031770755652e+011 -1.021084580600e+011
  2.031878936500e+011 -1.020869225143e+011
  2.031987094280e+011 -1.020653858095e+011
  2.032095228989e+011 -1.020438479459e+011
  2.032203340626e+011 -1.020223089237e+011
  2.032311429191e+011 -1.020007687432e+011
  2.032419494682e+011 -1.019792274047e+011
  2.032527537097e+011 -1.019576849083e+011
  2.032635556437e+011 -1.019361412543e+011
  2.032743552698e+011 -1.019145964430e+011
  2.032851525881e+011 -1.018930504746e+011
  2.032959475983e+011 -1.018715033493e+011
  2.033067403004e+011 -1.018499550674e+011
  2.033175306943e+011 -1.018284056292e+011
  2.033283187798e+011 -1.018068550349e+011
  2.033391045568e+011 -1.017853032846e+011
  2.033498880251e+011 -1.017637503788e+011
  2.033606691847e+011 -1.017421963175e+011
  2.033714480355e+011 -1.017206411011e+011
  2.033822245772e+011 -1.016990847299e+011
  2.033929988099e+011 -1.016775272039e+011
  2.034037707333e+011 -1.016559685236e+011
  2.034145403473e+011 -1.016344086891e+011
  2.034253076519e+011 -1.016128477007e+011
  2.034360726469e+011 -1.015912855586e+011
  2.034468353321e+011 -1.015697222631e+011
  2.034575957075e+011 -1.015481578143e+011
  2.034683537729e+011 -1.015265922127e+011
  2.034791095283e+011 -1.015050254584e+011
  2.034898629734e+011 -1.014834575516e+011
  2.035006141082e+011 -1.014618884926e+011
  2.035113629325e+011 -1.014403182816e+011
  2.035221094463e+011 -1.014187469190e+011
  2.035328536493e+011 -1.013971744048e+011
  2.035435955415e+011 -1.013756007395e+011
  2.035543351228e+011 -1.013540259231e+011
  2.035650723930e+011 -1.013324499561e+011
  2.035758073520e+011 -1.013108728385e+011
  2.035865399997e+011 -1.012892945707e+011
  2.035972703360e+011 -1.012677151529e+011
  2.036079983607e+011 -1.012461345853e+011
  2.036187240738e+011 -1.012245528682e+011
  2.036294474750e+011 -1.012029700018e+011
  2.036401685644e+011 -1.011813859865e+011
  2.036508873416e+011 -1.011598008223e+011
  2.036616038068e+011 -1.011382145096e+011
  2.036723179596e+011 -1.011166270486e+011
  2.036830298000e+011 -1.010950384396e+011
  2.036937393279e+011 -1.010734486828e+011
  2.037044465432e+011 -1.010518577785e+011
  2.037151514456e+011 -1.010302657268e+011
  2.037258540352e+011 -1.010086725280e+011
  2.037365543118e+011 -1.009870781825e+011
  2.037472522752e+011 -1.009654826904e+011
  2.037579479254e+011 -1.009438860519e+011
  2.037686412622e+011 -1.009222882674e+011
  2.037793322855e+011 -1.009006893370e+011
  2.037900209951e+011 -1.008790892610e+011
  2.038007073911e+011 -1.008574880397e+011
  2.038113914731e+011 -1.008358856733e+011
  2.038220732412e+011 -1.008142821620e+011
  2.038327526951e+011 -1.007926775062e+011
  2.038434298349e+011 -1.007710717059e+011
  2.038541046603e+011 -1.007494647615e+011
  2.038647771712e+011 -1.007278566733e+011
  2.038754473675e+011 -1.007062474414e+011
  2.038861152491e+011 -1.006846370661e+011
  2.038967808159e+011 -1.006630255477e+011
  2.039074440677e+011 -1.006414128864e+011
  2.039181050044e+011 -1.006197990825e+011
  2.039287636259e+011 -1.005981841361e+011
  2.039394199321e+011 -1.005765680476e+011
  2.039500739229e+011 -1.005549508172e+011
  2.039607255981e+011 -1.005333324451e+011
  2.039713749577e+011 -1.005117129315e+011
  2.039820220014e+011 -1.004900922768e+011
  2.039926667292e+011 -1.004684704812e+011
  2.040033091409e+011 -1.004468475448e+011
  2.040139492365e+011 -1.004252234681e+011
  2.040245870158e+011 -1.004035982511e+011
  2.040352224787e+011 -1.003819718942e+011
  2.040458556251e+011 -1.003603443976e+011
  2.040564864548e+011 -1.003387157615e+011
  2.040671149677e+011 -1.003170859862e+011
  2.040777411638e+011 -1.002954550719e+011
  2.040883650428e+011 -1.002738230189e+011
  2.040989866047e+011 -1.002521898274e+011
  2.041096058494e+011 -1.002305554977e+011
  2.041202227766e+011 -1.002089200300e+011
  2.041308373864e+011 -1.001872834245e+011
  2.041414496786e+011 -1.001656456816e+011
  2.041520596530e+011 -1.001440068014e+011
  2.041626673096e+011 -1.001223667842e+011
  2.041732726482e+011 -1.001007256302e+011
  2.041838756687e+011 -1.000790833397e+011
  2.041944763710e+011 -1.000574399129e+011
  2.042050747549e+011 -1.000357953502e+011
  2.042156708204e+011 -1.000141496516e+011
  2.042262645673e+011 -9.999250281750e+010
  2.042368559955e+011 -9.997085484812e+010
  2.042474451049e+011 -9.994920574369e+010
  2.042580318953e+011 -9.992755550447e+010
  2.042686163667e+011 -9.990590413069e+010
  2.042791985189e+011 -9.988425162261e+010
  2.042897783518e+011 -9.986259798047e+010
  2.043003558653e+011 -9.984094320452e+010
  2.043109310592e+011 -9.981928729499e+010
  2.043215039335e+011 -9.979763025215e+010
  2.043320744880e+011 -9.977597207622e+010
  2.043426427226e+011 -9.975431276747e+010
  2.043532086372e+011 -9.973265232613e+010
  2.043637722316e+011 -9.971099075245e+010
  2.043743335058e+011 -9.968932804667e+010
  2.043848924596e+011 -9.966766420904e+010
  2.043954490928e+011 -9.964599923982e+010
  2.044060034055e+011 -9.962433313923e+010
  2.044165553974e+011 -9.960266590754e+010
  2.044271050685e+011 -9.958099754498e+010
  2.044376524186e+011 -9.955932805179e+010
  2.044481974475e+011 -9.953765742824e+010
  2.044587401553e+011 -9.951598567456e+010
  2.044692805417e+011 -9.949431279099e+010
  2.044798186067e+011 -9.947263877779e+010
  2.044903543500e+011 -9.945096363520e+010
  2.045008877717e+011 -9.942928736347e+010
  2.045114188716e+011 -9.940760996283e+010
  2.045219476495e+011 -9.938593143354e+010
  2.045324741053e+011 -9.936425177585e+010
  2.045429982390e+011 -9.934257099000e+010
  2.045535200504e+011 -9.932088907623e+010
  2.045640395394e+011 -9.929920603479e+010
  2.045745567058e+011 -9.927752186593e+010
  2.045850715495e+011 -9.925583656990e+010
  2.045955840705e+011 -9.923415014693e+010
  2.046060942686e+011 -9.921246259728e+010
  2.046166021437e+011 -9.919077392119e+010
  2.046271076956e+011 -9.916908411890e+010
  2.046376109243e+011 -9.914739319067e+010
  2.046481118296e+011 -9.912570113674e+010
  2.046586104115e+011 -9.910400795736e+010
  2.046691066697e+011 -9.908231365277e+010
  2.046796006041e+011 -9.906061822321e+010
  2.046900922148e+011 -9.903892166894e+010
  2.047005815014e+011 -9.901722399020e+010
  2.047110684640e+011 -9.899552518723e+010
  2.047215531023e+011 -9.897382526029e+010
  2.047320354164e+011 -9.895212420962e+010
  2.047425154060e+011 -9.893042203546e+010
  2.047529930710e+011 -9.890871873806e+010
  2.047634684113e+011 -9.888701431767e+010
  2.047739414268e+011 -9.886530877453e+010
  2.047844121174e+011 -9.884360210890e+010
  2.047948804830e+011 -9.882189432101e+010
  2.048053465234e+011 -9.880018541111e+010
  2.048158102385e+011 -9.877847537945e+010
  2.048262716282e+011 -9.875676422627e+010
  2.048367306925e+011 -9.873505195182e+010
  2.048471874310e+011 -9.871333855636e+010
  2.048576418438e+011 -9.869162404011e+010
  2.048680939308e+011 -9.866990840334e+010
  2.048785436917e+011 -9.864819164628e+010
  2.048889911266e+011 -9.862647376919e+010
  2.048994362352e+011 -9.860475477230e+010
  2.049098790174e+011 -9.858303465587e+010
  2.049203194732e+011 -9.856131342014e+010
  2.049307576024e+011 -9.853959106536e+010
  2.049411934049e+011 -9.851786759178e+010
  2.049516268805e+011 -9.849614299963e+010
  2.049620580293e+011 -9.847441728918e+010
  2.049724868509e+011 -9.845269046065e+010
  2.049829133454e+011 -9.843096251431e+010
  2.049933375126e+011 -9.840923345040e+010
  2.050037593524e+011 -9.838750326916e+010
  2.050141788646e+011 -9.836577197084e+010
  2.050245960492e+011 -9.834403955568e+010
  2.050350109060e+011 -9.832230602394e+010
  2.050454234349e+011 -9.830057137586e+010
  2.050558336358e+011 -9.827883561168e+010
  2.050662415086e+011 -9.825709873166e+010
  2.050766470531e+011 -9.823536073603e+010
  2.050870502693e+011 -9.821362162506e+010
  2.050974511570e+011 -9.819188139897e+010
  2.051078497161e+011 -9.817014005802e+010
  2.051182459464e+011 -9.814839760246e+010
  2.051286398480e+011 -9.812665403254e+010
  2.051390314205e+011 -9.810490934849e+010
  2.051494206640e+011 -9.808316355056e+010
  2.051598075783e+011 -9.806141663901e+010
  2.051701921633e+011 -9.803966861408e+010
  2.051805744189e+011 -9.801791947602e+010
  2.051909543450e+011 -9.799616922506e+010
  2.052013319413e+011 -9.797441786147e+010
  2.052117072079e+011 -9.795266538548e+010
  2.052220801446e+011 -9.793091179734e+010
  2.052324507512e+011 -9.790915709731e+010
  2.052428190278e+011 -9.788740128562e+010
  2.052531849741e+011 -9.786564436252e+010
  2.052635485900e+011 -9.784388632827e+010
  2.052739098754e+011 -9.782212718310e+010
  2.052842688302e+011 -9.780036692726e+010
  2.052946254543e+011 -9.777860556100e+010
  2.053049797475e+011 -9.775684308458e+010
  2.053153317098e+011 -9.773507949822e+010
  2.053256813410e+011 -9.771331480219e+010
  2.053360286410e+011 -9.769154899672e+010
  2.053463736097e+011 -9.766978208207e+010
  2.053567162470e+011 -9.764801405848e+010
  2.053670565527e+011 -9.762624492620e+010
  2.053773945267e+011 -9.760447468548e+010
  2.053877301690e+011 -9.758270333655e+010
  2.053980634794e+011 -9.756093087968e+010
  2.054083944577e+011 -9.753915731510e+010
  2.054187231039e+011 -9.751738264307e+010
  2.054290494179e+011 -9.749560686383e+010
  2.054393733995e+011 -9.747382997762e+010
  2.054496950486e+011 -9.745205198470e+010
  2.054600143651e+011 -9.743027288531e+010
  2.054703313489e+011 -9.740849267970e+010
  2.054806459998e+011 -9.738671136812e+010
  2.054909583178e+011 -9.736492895080e+010
  2.055012683027e+011 -9.734314542801e+010
  2.055115759544e+011 -9.732136079998e+010
  2.055218812728e+011 -9.729957506697e+010
  2.055321842577e+011 -9.727778822922e+010
  2.055424849092e+011 -9.725600028698e+010
  2.055527832269e+011 -9.723421124049e+010
  2.055630792109e+011 -9.721242109000e+010
  2.055733728610e+011 -9.719062983577e+010
  2.055836641771e+011 -9.716883747803e+010
  2.055939531590e+011 -9.714704401703e+010
  2.056042398067e+011 -9.712524945303e+010
  2.056145241201e+011 -9.710345378627e+010
  2.056248060989e+011 -9.708165701699e+010
  2.056350857432e+011 -9.705985914544e+010
  2.056453630528e+011 -9.703806017187e+010
  2.056556380275e+011 -9.701626009653e+010
  2.056659106673e+011 -9.699445891967e+010
  2.056761809720e+011 -9.697265664153e+010
  2.056864489415e+011 -9.695085326235e+010
  2.056967145757e+011 -9.692904878240e+010
  2.057069778745e+011 -9.690724320191e+010
  2.057172388378e+011 -9.688543652112e+010
  2.057274974654e+011 -9.686362874030e+010
  2.057377537573e+011 -9.684181985968e+010
  2.057480077133e+011 -9.682000987952e+010
  2.057582593333e+011 -9.679819880006e+010
  2.057685086171e+011 -9.677638662154e+010
  2.057787555648e+011 -9.675457334423e+010
  2.057890001761e+011 -9.673275896835e+010
  2.057992424509e+011 -9.671094349416e+010
  2.058094823891e+011 -9.668912692192e+010
  2.058197199907e+011 -9.666730925186e+010
  2.058299552554e+011 -9.664549048423e+010
  2.058401881832e+011 -9.662367061928e+010
  2.058504187740e+011 -9.660184965726e+010
  2.058606470276e+011 -9.658002759841e+010
  2.058708729439e+011 -9.655820444299e+010
  2.058810965228e+011 -9.653638019123e+010
  2.058913177642e+011 -9.651455484340e+010
  2.059015366680e+011 -9.649272839973e+010
  2.059117532340e+011 -9.647090086047e+010
  2.059219674622e+011 -9.644907222588e+010
  2.059321793524e+011 -9.642724249619e+010
  2.059423889045e+011 -9.640541167166e+010
  2.059525961183e+011 -9.638357975253e+010
  2.059628009939e+011 -9.636174673905e+010
  2.059730035310e+011 -9.633991263147e+010
  2.059832037296e+011 -9.631807743004e+010
  2.059934015895e+011 -9.629624113500e+010
  2.060035971106e+011 -9.627440374660e+010
  2.060137902928e+011 -9.625256526509e+010
  2.060239811359e+011 -9.623072569072e+010
  2.060341696400e+011 -9.620888502374e+010
  2.060443558048e+011 -9.618704326438e+010
  2.060545396302e+011 -9.616520041291e+010
  2.060647211161e+011 -9.614335646956e+010
  2.060749002624e+011 -9.612151143460e+010
  2.060850770690e+011 -9.609966530825e+010
  2.060952515358e+011 -9.607781809077e+010
  2.061054236626e+011 -9.605596978242e+010
  2.061155934494e+011 -9.603412038343e+010
  2.061257608959e+011 -9.601226989406e+010
  2.061359260022e+011 -9.599041831454e+010
  2.061460887681e+011 -9.596856564514e+010
  2.061562491934e+011 -9.594671188610e+010
  2.061664072781e+011 -9.592485703766e+010
  2.061765630221e+011 -9.590300110008e+010
  2.061867164251e+011 -9.588114407360e+010
  2.061968674872e+011 -9.585928595847e+010
  2.062070162082e+011 -9.583742675493e+010
  2.062171625879e+011 -9.581556646324e+010
  2.062273066264e+011 -9.579370508365e+010
  2.062374483233e+011 -9.577184261640e+010
  2.062475876787e+011 -9.574997906173e+010
  2.062577246924e+011 -9.572811441991e+010
  2.062678593644e+011 -9.570624869117e+010
  2.062779916944e+011 -9.568438187576e+010
  2.062881216823e+011 -9.566251397393e+010
  2.062982493282e+011 -9.564064498594e+010
  2.063083746317e+011 -9.561877491202e+010
  2.063184975929e+011 -9.559690375243e+010
  2.063286182117e+011 -9.557503150741e+010
  2.063387364878e+011 -9.555315817721e+010
  2.063488524211e+011 -9.553128376208e+010
  2.063589660117e+011 -9.550940826227e+010
  2.063690772593e+011 -9.548753167803e+010
  2.063791861638e+011 -9.546565400960e+010
  2.063892927252e+011 -9.544377525723e+010
  2.063993969433e+011 -9.542189542117e+010
  2.064094988179e+011 -9.540001450167e+010
  2.064195983490e+011 -9.537813249898e+010
  2.064296955365e+011 -9.535624941334e+010
  2.064397903803e+011 -9.533436524501e+010
  2.064498828801e+011 -9.531247999423e+010
  2.064599730360e+011 -9.529059366124e+010
  2.064700608478e+011 -9.526870624631e+010
  2.064801463154e+011 -9.524681774967e+010
  2.064902294386e+011 -9.522492817157e+010
  2.065003102174e+011 -9.520303751227e+010
  2.065103886516e+011 -9.518114577201e+010
  2.065204647412e+011 -9.515925295104e+010
  2.065305384860e+011 -9.513735904960e+010
  2.065406098858e+011 -9.511546406795e+010
  2.065506789407e+011 -9.509356800633e+010
  2.065607456504e+011 -9.507167086500e+010
  2.065708100149e+011 -9.504977264420e+010
  2.065808720340e+011 -9.502787334417e+010
  2.065909317076e+011 -9.500597296518e+010
  2.066009890357e+011 -9.498407150746e+010
  2.066110440180e+011 -9.496216897126e+010
  2.066210966546e+011 -9.494026535683e+010
  2.066311469452e+011 -9.491836066443e+010
  2.066411948897e+011 -9.489645489430e+010
  2.066512404881e+011 -9.487454804668e+010
  2.066612837402e+011 -9.485264012183e+010
  2.066713246459e+011 -9.483073112000e+010
  2.066813632051e+011 -9.480882104143e+010
  2.066913994177e+011 -9.478690988637e+010
  2.067014332836e+011 -9.476499765507e+010
  2.067114648026e+011 -9.474308434778e+010
  2.067214939747e+011 -9.472116996474e+010
  2.067315207996e+011 -9.469925450621e+010
  2.067415452774e+011 -9.467733797244e+010
  2.067515674079e+011 -9.465542036367e+010
  2.067615871910e+011 -9.463350168015e+010
  2.067716046265e+011 -9.461158192213e+010
  2.067816197144e+011 -9.458966108986e+010
  2.067916324545e+011 -9.456773918359e+010
  2.068016428467e+011 -9.454581620356e+010
  2.068116508910e+011 -9.452389215003e+010
  2.068216565871e+011 -9.450196702324e+010
  2.068316599351e+011 -9.448004082345e+010
  2.068416609347e+011 -9.445811355089e+010
  2.068516595858e+011 -9.443618520582e+010
  2.068616558885e+011 -9.441425578849e+010
  2.068716498424e+011 -9.439232529915e+010
  2.068816414475e+011 -9.437039373804e+010
  2.068916307038e+011 -9.434846110542e+010
  2.069016176110e+011 -9.432652740153e+010
  2.069116021691e+011 -9.430459262662e+010
  2.069215843780e+011 -9.428265678094e+010
  2.069315642375e+011 -9.426071986474e+010
  2.069415417476e+011 -9.423878187826e+010
  2.069515169080e+011 -9.421684282177e+010
  2.069614897188e+011 -9.419490269550e+010
  2.069714601797e+011 -9.417296149970e+010
  2.069814282908e+011 -9.415101923463e+010
  2.069913940518e+011 -9.412907590053e+010
  2.070013574626e+011 -9.410713149765e+010
  2.070113185232e+011 -9.408518602624e+010
  2.070212772334e+011 -9.406323948655e+010
  2.070312335932e+011 -9.404129187882e+010
  2.070411876023e+011 -9.401934320331e+010
  2.070511392607e+011 -9.399739346027e+010
  2.070610885683e+011 -9.397544264994e+010
  2.070710355249e+011 -9.395349077258e+010
  2.070809801305e+011 -9.393153782842e+010
  2.070909223849e+011 -9.390958381773e+010
  2.071008622880e+011 -9.388762874075e+010
  2.071107998398e+011 -9.386567259773e+010
  2.071207350400e+011 -9.384371538891e+010
  2.071306678886e+011 -9.382175711455e+010
  2.071405983854e+011 -9.379979777490e+010
  2.071505265305e+011 -9.377783737020e+010
  2.071604523235e+011 -9.375587590071e+010
  2.071703757645e+011 -9.373391336667e+010
  2.071802968533e+011 -9.371194976833e+010
  2.071902155898e+011 -9.368998510594e+010
  2.072001319739e+011 -9.366801937976e+010
  2.072100460054e+011 -9.364605259002e+010
  2.072199576843e+011 -9.362408473698e+010
  2.072298670105e+011 -9.360211582089e+010
  2.072397739838e+011 -9.358014584200e+010
  2.072496786041e+011 -9.355817480055e+010
  2.072595808713e+011 -9.353620269680e+010
  2.072694807854e+011 -9.351422953099e+010
  2.072793783461e+011 -9.349225530338e+010
  2.072892735534e+011 -9.347028001421e+010
  2.072991664071e+011 -9.344830366373e+010
  2.073090569072e+011 -9.342632625219e+010
  2.073189450535e+011 -9.340434777984e+010
  2.073288308459e+011 -9.338236824693e+010
  2.073387142844e+011 -9.336038765371e+010
  2.073485953687e+011 -9.333840600043e+010
  2.073584740988e+011 -9.331642328734e+010
  2.073683504746e+011 -9.329443951468e+010
  2.073782244960e+011 -9.327245468271e+010
  2.073880961628e+011 -9.325046879167e+010
  2.073979654749e+011 -9.322848184182e+010
  2.074078324323e+011 -9.320649383341e+010
  2.074176970347e+011 -9.318450476667e+010
  2.074275592822e+011 -9.316251464187e+010
  2.074374191745e+011 -9.314052345925e+010
  2.074472767116e+011 -9.311853121907e+010
  2.074571318934e+011 -9.309653792156e+010
  2.074669847197e+011 -9.307454356699e+010
  2.074768351905e+011 -9.305254815559e+010
  2.074866833055e+011 -9.303055168762e+010
  2.074965290648e+011 -9.300855416333e+010
  2.075063724682e+011 -9.298655558297e+010
  2.075162135155e+011 -9.296455594679e+010
  2.075260522068e+011 -9.294255525503e+010
  2.075358885418e+011 -9.292055350795e+010
  2.075457225204e+011 -9.289855070580e+010
  2.075555541426e+011 -9.287654684882e+010
  2.075653834082e+011 -9.285454193727e+010
  2.075752103171e+011 -9.283253597139e+010
  2.075850348693e+011 -9.281052895144e+010
  2.075948570645e+011 -9.278852087766e+010
  2.076046769027e+011 -9.276651175030e+010
  2.076144943837e+011 -9.274450156962e+010
  2.076243095075e+011 -9.272249033585e+010
  2.076341222740e+011 -9.270047804926e+010
  2.076439326829e+011 -9.267846471010e+010
  2.076537407343e+011 -9.265645031860e+010
  2.076635464281e+011 -9.263443487502e+010
  2.076733497639e+011 -9.261241837962e+010
  2.076831507419e+011 -9.259040083263e+010
  2.076929493619e+011 -9.256838223432e+010
  2.077027456237e+011 -9.254636258492e+010
  2.077125395273e+011 -9.252434188469e+010
  2.077223310725e+011 -9.250232013388e+010
  2.077321202592e+011 -9.248029733275e+010
  2.077419070873e+011 -9.245827348153e+010
  2.077516915567e+011 -9.243624858047e+010
  2.077614736674e+011 -9.241422262984e+010
  2.077712534191e+011 -9.239219562987e+010
  2.077810308118e+011 -9.237016758082e+010
  2.077908058453e+011 -9.234813848294e+010
  2.078005785196e+011 -9.232610833648e+010
  2.078103488345e+011 -9.230407714168e+010
  2.078201167899e+011 -9.228204489880e+010
  2.078298823857e+011 -9.226001160808e+010
  2.078396456219e+011 -9.223797726979e+010
  2.078494064982e+011 -9.221594188415e+010
  2.078591650146e+011 -9.219390545144e+010
  2.078689211710e+011 -9.217186797189e+010
  2.078786749672e+011 -9.214982944575e+010
  2.078884264032e+011 -9.212778987329e+010
  2.078981754788e+011 -9.210574925473e+010
  2.079079221939e+011 -9.208370759035e+010
  2.079176665484e+011 -9.206166488038e+010
  2.079274085422e+011 -9.203962112507e+010
  2.079371481753e+011 -9.201757632468e+010
  2.079468854474e+011 -9.199553047946e+010
  2.079566203584e+011 -9.197348358965e+010
  2.079663529083e+011 -9.195143565551e+010
  2.079760830970e+011 -9.192938667728e+010
  2.079858109243e+011 -9.190733665522e+010
  2.079955363901e+011 -9.188528558957e+010
  2.080052594943e+011 -9.186323348059e+010
  2.080149802368e+011 -9.184118032853e+010
  2.080246986176e+011 -9.181912613363e+010
  2.080344146363e+011 -9.179707089615e+010
  2.080441282931e+011 -9.177501461633e+010
  2.080538395877e+011 -9.175295729443e+010
  2.080635485201e+011 -9.173089893069e+010
  2.080732550901e+011 -9.170883952537e+010
  2.080829592976e+011 -9.168677907872e+010
  2.080926611426e+011 -9.166471759098e+010
  2.081023606248e+011 -9.164265506242e+010
  2.081120577443e+011 -9.162059149326e+010
  2.081217525008e+011 -9.159852688378e+010
  2.081314448943e+011 -9.157646123421e+010
  2.081411349246e+011 -9.155439454481e+010
  2.081508225917e+011 -9.153232681583e+010
  2.081605078955e+011 -9.151025804751e+010
  2.081701908358e+011 -9.148818824012e+010
  2.081798714125e+011 -9.146611739389e+010
  2.081895496255e+011 -9.144404550908e+010
  2.081992254747e+011 -9.142197258594e+010
  2.082088989600e+011 -9.139989862472e+010
  2.082185700813e+011 -9.137782362567e+010
  2.082282388384e+011 -9.135574758904e+010
  2.082379052313e+011 -9.133367051507e+010
  2.082475692599e+011 -9.131159240403e+010
  2.082572309240e+011 -9.128951325616e+010
  2.082668902235e+011 -9.126743307172e+010
  2.082765471584e+011 -9.124535185094e+010
  2.082862017284e+011 -9.122326959408e+010
  2.082958539336e+011 -9.120118630140e+010
  2.083055037737e+011 -9.117910197314e+010
  2.083151512487e+011 -9.115701660955e+010
  2.083247963585e+011 -9.113493021089e+010
  2.083344391029e+011 -9.111284277740e+010
  2.083440794819e+011 -9.109075430934e+010
  2.083537174953e+011 -9.106866480695e+010
  2.083633531431e+011 -9.104657427048e+010
  2.083729864251e+011 -9.102448270020e+010
  2.083826173411e+011 -9.100239009633e+010
  2.083922458912e+011 -9.098029645915e+010
  2.084018720752e+011 -9.095820178889e+010
  2.084114958929e+011 -9.093610608581e+010
  2.084211173443e+011 -9.091400935016e+010
  2.084307364293e+011 -9.089191158219e+010
  2.084403531477e+011 -9.086981278215e+010
  2.084499674995e+011 -9.084771295029e+010
  2.084595794845e+011 -9.082561208686e+010
  2.084691891026e+011 -9.080351019211e+010
  2.084787963538e+011 -9.078140726629e+010
  2.084884012378e+011 -9.075930330965e+010
  2.084980037546e+011 -9.073719832245e+010
  2.085076039041e+011 -9.071509230493e+010
  2.085172016862e+011 -9.069298525735e+010
  2.085267971007e+011 -9.067087717995e+010
  2.085363901476e+011 -9.064876807299e+010
  2.085459808268e+011 -9.062665793671e+010
  2.085555691380e+011 -9.060454677137e+010
  2.085651550813e+011 -9.058243457722e+010
  2.085747386566e+011 -9.056032135451e+010
  2.085843198636e+011 -9.053820710349e+010
  2.085938987023e+011 -9.051609182441e+010
  2.086034751726e+011 -9.049397551752e+010
  2.086130492744e+011 -9.047185818307e+010
  2.086226210076e+011 -9.044973982131e+010
  2.086321903720e+011 -9.042762043249e+010
  2.086417573676e+011 -9.040550001687e+010
  2.086513219942e+011 -9.038337857470e+010
  2.086608842518e+011 -9.036125610622e+010
  2.086704441402e+011 -9.033913261169e+010
  2.086800016593e+011 -9.031700809135e+010
  2.086895568090e+011 -9.029488254547e+010
  2.086991095892e+011 -9.027275597428e+010
  2.087086599998e+011 -9.025062837804e+010
  2.087182080407e+011 -9.022849975700e+010
  2.087277537117e+011 -9.020637011142e+010
  2.087372970128e+011 -9.018423944153e+010
  2.087468379439e+011 -9.016210774761e+010
  2.087563765048e+011 -9.013997502988e+010
  2.087659126954e+011 -9.011784128861e+010
  2.087754465157e+011 -9.009570652405e+010
  2.087849779655e+011 -9.007357073645e+010
  2.087945070447e+011 -9.005143392605e+010
  2.088040337532e+011 -9.002929609311e+010
  2.088135580909e+011 -9.000715723789e+010
  2.088230800576e+011 -8.998501736062e+010
  2.088325996534e+011 -8.996287646157e+010
  2.088421168780e+011 -8.994073454098e+010
  2.088516317314e+011 -8.991859159911e+010
  2.088611442134e+011 -8.989644763620e+010
  2.088706543240e+011 -8.987430265251e+010
  2.088801620630e+011 -8.985215664828e+010
  2.088896674303e+011 -8.983000962378e+010
  2.088991704258e+011 -8.980786157924e+010
  2.089086710495e+011 -8.978571251493e+010
  2.089181693011e+011 -8.976356243109e+010
  2.089276651807e+011 -8.974141132797e+010
  2.089371586880e+011 -8.971925920582e+010
  2.089466498230e+011 -8.969710606491e+010
  2.089561385855e+011 -8.967495190547e+010
  2.089656249755e+011 -8.965279672775e+010
  2.089751089929e+011 -8.963064053202e+010
  2.089845906375e+011 -8.960848331852e+010
  2.089940699092e+011 -8.958632508749e+010
  2.090035468080e+011 -8.956416583921e+010
  2.090130213337e+011 -8.954200557390e+010
  2.090224934861e+011 -8.951984429183e+010
  2.090319632653e+011 -8.949768199325e+010
  2.090414306711e+011 -8.947551867841e+010
  2.090508957034e+011 -8.945335434755e+010
  2.090603583620e+011 -8.943118900094e+010
  2.090698186469e+011 -8.940902263881e+010
  2.090792765580e+011 -8.938685526144e+010
  2.090887320951e+011 -8.936468686905e+010
  2.090981852581e+011 -8.934251746191e+010
  2.091076360470e+011 -8.932034704027e+010
  2.091170844616e+011 -8.929817560438e+010
  2.091265305019e+011 -8.927600315449e+010
  2.091359741676e+011 -8.925382969084e+010
  2.091454154588e+011 -8.923165521371e+010
  2.091548543753e+011 -8.920947972332e+010
  2.091642909169e+011 -8.918730321994e+010
  2.091737250837e+011 -8.916512570382e+010
  2.091831568754e+011 -8.914294717521e+010
  2.091925862919e+011 -8.912076763435e+010
  2.092020133333e+011 -8.909858708151e+010
  2.092114379992e+011 -8.907640551693e+010
  2.092208602898e+011 -8.905422294087e+010
  2.092302802047e+011 -8.903203935357e+010
  2.092396977440e+011 -8.900985475529e+010
  2.092491129075e+011 -8.898766914628e+010
  2.092585256952e+011 -8.896548252678e+010
  2.092679361068e+011 -8.894329489707e+010
  2.092773441423e+011 -8.892110625737e+010
  2.092867498017e+011 -8.889891660795e+010
  2.092961530847e+011 -8.887672594905e+010
  2.093055539913e+011 -8.885453428094e+010
  2.093149525213e+011 -8.883234160385e+010
  2.093243486747e+011 -8.881014791805e+010
  2.093337424514e+011 -8.878795322378e+010
  2.093431338512e+011 -8.876575752129e+010
  2.093525228741e+011 -8.874356081084e+010
  2.093619095199e+011 -8.872136309268e+010
  2.093712937885e+011 -8.869916436706e+010
  2.093806756799e+011 -8.867696463423e+010
  2.093900551938e+011 -8.865476389444e+010
  2.093994323303e+011 -8.863256214794e+010
  2.094088070892e+011 -8.861035939500e+010
  2.094181794703e+011 -8.858815563585e+010
  2.094275494736e+011 -8.856595087075e+010
  2.094369170991e+011 -8.854374509996e+010
  2.094462823464e+011 -8.852153832371e+010
  2.094556452157e+011 -8.849933054228e+010
  2.094650057067e+011 -8.847712175590e+010
  2.094743638193e+011 -8.845491196483e+010
  2.094837195535e+011 -8.843270116932e+010
  2.094930729092e+011 -8.841048936962e+010
  2.095024238861e+011 -8.838827656598e+010
  2.095117724843e+011 -8.836606275867e+010
  2.095211187036e+011 -8.834384794792e+010
  2.095304625439e+011 -8.832163213399e+010
  2.095398040051e+011 -8.829941531713e+010
  2.095491430871e+011 -8.827719749760e+010
  2.095584797898e+011 -8.825497867564e+010
  2.095678141131e+011 -8.823275885151e+010
  2.095771460569e+011 -8.821053802546e+010
  2.095864756210e+011 -8.818831619773e+010
  2.095958028054e+011 -8.816609336860e+010
  2.096051276099e+011 -8.814386953829e+010
  2.096144500345e+011 -8.812164470708e+010
  2.096237700791e+011 -8.809941887520e+010
  2.096330877434e+011 -8.807719204292e+010
  2.096424030275e+011 -8.805496421048e+010
  2.096517159313e+011 -8.803273537813e+010
  2.096610264545e+011 -8.801050554613e+010
  2.096703345972e+011 -8.798827471473e+010
  2.096796403591e+011 -8.796604288418e+010
  2.096889437403e+011 -8.794381005473e+010
  2.096982447406e+011 -8.792157622664e+010
  2.097075433598e+011 -8.789934140016e+010
  2.097168395979e+011 -8.787710557553e+010
  2.097261334548e+011 -8.785486875302e+010
  2.097354249304e+011 -8.783263093287e+010
  2.097447140245e+011 -8.781039211534e+010
  2.097540007371e+011 -8.778815230067e+010
  2.097632850681e+011 -8.776591148913e+010
  2.097725670172e+011 -8.774366968095e+010
  2.097818465846e+011 -8.772142687641e+010
  2.097911237699e+011 -8.769918307573e+010
  2.098003985732e+011 -8.767693827919e+010
  2.098096709943e+011 -8.765469248702e+010
  2.098189410331e+011 -8.763244569949e+010
  2.098282086895e+011 -8.761019791685e+010
  2.098374739635e+011 -8.758794913934e+010
  2.098467368548e+011 -8.756569936722e+010
  2.098559973634e+011 -8.754344860075e+010
  2.098652554892e+011 -8.752119684017e+010
  2.098745112321e+011 -8.749894408573e+010
  2.098837645919e+011 -8.747669033769e+010
  2.098930155686e+011 -8.745443559631e+010
  2.099022641621e+011 -8.743217986183e+010
  2.099115103723e+011 -8.740992313450e+010
  2.099207541989e+011 -8.738766541458e+010
  2.099299956421e+011 -8.736540670232e+010
  2.099392347016e+011 -8.734314699798e+010
  2.099484713773e+011 -8.732088630180e+010
  2.099577056691e+011 -8.729862461403e+010
  2.099669375770e+011 -8.727636193494e+010
  2.099761671008e+011 -8.725409826477e+010
  2.099853942403e+011 -8.723183360377e+010
  2.099946189956e+011 -8.720956795220e+010
  2.100038413666e+011 -8.718730131031e+010
  2.100130613530e+011 -8.716503367836e+010
  2.100222789547e+011 -8.714276505658e+010
  2.100314941718e+011 -8.712049544525e+010
  2.100407070041e+011 -8.709822484460e+010
  2.100499174514e+011 -8.707595325489e+010
  2.100591255137e+011 -8.705368067638e+010
  2.100683311909e+011 -8.703140710931e+010
  2.100775344828e+011 -8.700913255395e+010
  2.100867353894e+011 -8.698685701053e+010
  2.100959339105e+011 -8.696458047932e+010
  2.101051300461e+011 -8.694230296057e+010
  2.101143237960e+011 -8.692002445453e+010
  2.101235151602e+011 -8.689774496144e+010
  2.101327041385e+011 -8.687546448158e+010
  2.101418907308e+011 -8.685318301518e+010
  2.101510749370e+011 -8.683090056249e+010
  2.101602567571e+011 -8.680861712379e+010
  2.101694361908e+011 -8.678633269930e+010
  2.101786132382e+011 -8.676404728930e+010
  2.101877878990e+011 -8.674176089402e+010
  2.101969601733e+011 -8.671947351373e+010
  2.102061300608e+011 -8.669718514867e+010
  2.102152975616e+011 -8.667489579910e+010
  2.102244626754e+011 -8.665260546527e+010
  2.102336254022e+011 -8.663031414744e+010
  2.102427857418e+011 -8.660802184585e+010
  2.102519436942e+011 -8.658572856076e+010
  2.102610992593e+011 -8.656343429242e+010
  2.102702524370e+011 -8.654113904109e+010
  2.102794032271e+011 -8.651884280701e+010
  2.102885516295e+011 -8.649654559045e+010
  2.102976976442e+011 -8.647424739164e+010
  2.103068412710e+011 -8.645194821086e+010
  2.103159825099e+011 -8.642964804834e+010
  2.103251213607e+011 -8.640734690434e+010
  2.103342578233e+011 -8.638504477911e+010
  2.103433918977e+011 -8.636274167292e+010
  2.103525235836e+011 -8.634043758600e+010
  2.103616528811e+011 -8.631813251861e+010
  2.103707797900e+011 -8.629582647101e+010
  2.103799043102e+011 -8.627351944345e+010
  2.103890264416e+011 -8.625121143618e+010
  2.103981461840e+011 -8.622890244945e+010
  2.104072635375e+011 -8.620659248352e+010
  2.104163785019e+011 -8.618428153864e+010
  2.104254910770e+011 -8.616196961507e+010
  2.104346012628e+011 -8.613965671305e+010
  2.104437090592e+011 -8.611734283283e+010
  2.104528144661e+011 -8.609502797468e+010
  2.104619174834e+011 -8.607271213884e+010
  2.104710181109e+011 -8.605039532558e+010
  2.104801163485e+011 -8.602807753513e+010
  2.104892121962e+011 -8.600575876775e+010
  2.104983056539e+011 -8.598343902370e+010
  2.105073967214e+011 -8.596111830323e+010
  2.105164853987e+011 -8.593879660660e+010
  2.105255716856e+011 -8.591647393405e+010
  2.105346555820e+011 -8.589415028584e+010
  2.105437370878e+011 -8.587182566222e+010
  2.105528162030e+011 -8.584950006344e+010
  2.105618929274e+011 -8.582717348976e+010
  2.105709672610e+011 -8.580484594144e+010
  2.105800392035e+011 -8.578251741872e+010
  2.105891087550e+011 -8.576018792185e+010
  2.105981759153e+011 -8.573785745110e+010
  2.106072406842e+011 -8.571552600671e+010
  2.106163030618e+011 -8.569319358893e+010
  2.106253630479e+011 -8.567086019803e+010
  2.106344206424e+011 -8.564852583425e+010
  2.106434758451e+011 -8.562619049784e+010
  2.106525286561e+011 -8.560385418907e+010
  2.106615790751e+011 -8.558151690817e+010
  2.106706271021e+011 -8.555917865542e+010
  2.106796727370e+011 -8.553683943105e+010
  2.106887159797e+011 -8.551449923533e+010
  2.106977568300e+011 -8.549215806850e+010
  2.107067952879e+011 -8.546981593082e+010
  2.107158313533e+011 -8.544747282254e+010
  2.107248650260e+011 -8.542512874391e+010
  2.107338963060e+011 -8.540278369520e+010
  2.107429251931e+011 -8.538043767665e+010
  2.107519516873e+011 -8.535809068851e+010
  2.107609757884e+011 -8.533574273104e+010
  2.107699974964e+011 -8.531339380450e+010
  2.107790168111e+011 -8.529104390913e+010
  2.107880337325e+011 -8.526869304518e+010
  2.107970482604e+011 -8.524634121292e+010
  2.108060603947e+011 -8.522398841260e+010
  2.108150701354e+011 -8.520163464446e+010
  2.108240774822e+011 -8.517927990877e+010
  2.108330824352e+011 -8.515692420577e+010
  2.108420849943e+011 -8.513456753572e+010
  2.108510851592e+011 -8.511220989888e+010
  2.108600829300e+011 -8.508985129549e+010
  2.108690783064e+011 -8.506749172581e+010
  2.108780712885e+011 -8.504513119009e+010
  2.108870618761e+011 -8.502276968859e+010
  2.108960500690e+011 -8.500040722156e+010
  2.109050358673e+011 -8.497804378925e+010
  2.109140192708e+011 -8.495567939192e+010
  2.109230002794e+011 -8.493331402982e+010
  2.109319788929e+011 -8.491094770320e+010
  2.109409551114e+011 -8.488858041232e+010
  2.109499289346e+011 -8.486621215743e+010
  2.109589003625e+011 -8.484384293879e+010
  2.109678693950e+011 -8.482147275664e+010
  2.109768360320e+011 -8.479910161125e+010
  2.109858002734e+011 -8.477672950286e+010
  2.109947621190e+011 -8.475435643173e+010
  2.110037215688e+011 -8.473198239812e+010
  2.110126786227e+011 -8.470960740227e+010
  2.110216332805e+011 -8.468723144444e+010
  2.110305855422e+011 -8.466485452488e+010
  2.110395354077e+011 -8.464247664385e+010
  2.110484828768e+011 -8.462009780160e+010
  2.110574279495e+011 -8.459771799839e+010
  2.110663706256e+011 -8.457533723446e+010
  2.110753109051e+011 -8.455295551008e+010
  2.110842487878e+011 -8.453057282549e+010
  2.110931842737e+011 -8.450818918095e+010
  2.111021173626e+011 -8.448580457671e+010
  2.111110480545e+011 -8.446341901303e+010
  2.111199763492e+011 -8.444103249017e+010
  2.111289022466e+011 -8.441864500836e+010
  2.111378257467e+011 -8.439625656788e+010
  2.111467468493e+011 -8.437386716896e+010
  2.111556655543e+011 -8.435147681187e+010
  2.111645818617e+011 -8.432908549686e+010
  2.111734957713e+011 -8.430669322419e+010
  2.111824072831e+011 -8.428429999410e+010
  2.111913163968e+011 -8.426190580685e+010
  2.112002231125e+011 -8.423951066270e+010
  2.112091274300e+011 -8.421711456190e+010
  2.112180293492e+011 -8.419471750470e+010
  2.112269288701e+011 -8.417231949135e+010
  2.112358259924e+011 -8.414992052212e+010
  2.112447207162e+011 -8.412752059725e+010
  2.112536130413e+011 -8.410511971700e+010
  2.112625029675e+011 -8.408271788162e+010
  2.112713904949e+011 -8.406031509137e+010
  2.112802756233e+011 -8.403791134649e+010
  2.112891583527e+011 -8.401550664726e+010
  2.112980386828e+011 -8.399310099391e+010
  2.113069166136e+011 -8.397069438670e+010
  2.113157921450e+011 -8.394828682588e+010
  2.113246652769e+011 -8.392587831172e+010
  2.113335360092e+011 -8.390346884446e+010
  2.113424043418e+011 -8.388105842436e+010
  2.113512702746e+011 -8.385864705167e+010
  2.113601338075e+011 -8.383623472665e+010
  2.113689949404e+011 -8.381382144955e+010
  2.113778536732e+011 -8.379140722062e+010
  2.113867100057e+011 -8.376899204012e+010
  2.113955639380e+011 -8.374657590830e+010
  2.114044154698e+011 -8.372415882542e+010
  2.114132646011e+011 -8.370174079173e+010
  2.114221113318e+011 -8.367932180748e+010
  2.114309556618e+011 -8.365690187294e+010
  2.114397975910e+011 -8.363448098834e+010
  2.114486371192e+011 -8.361205915396e+010
  2.114574742464e+011 -8.358963637003e+010
  2.114663089725e+011 -8.356721263682e+010
  2.114751412974e+011 -8.354478795458e+010
  2.114839712209e+011 -8.352236232356e+010
  2.114927987431e+011 -8.349993574402e+010
  2.115016238637e+011 -8.347750821622e+010
  2.115104465826e+011 -8.345507974040e+010
  2.115192668999e+011 -8.343265031682e+010
  2.115280848153e+011 -8.341021994573e+010
  2.115369003288e+011 -8.338778862740e+010
  2.115457134402e+011 -8.336535636207e+010
  2.115545241495e+011 -8.334292314999e+010
  2.115633324566e+011 -8.332048899143e+010
  2.115721383613e+011 -8.329805388664e+010
  2.115809418637e+011 -8.327561783586e+010
  2.115897429634e+011 -8.325318083936e+010
  2.115985416606e+011 -8.323074289739e+010
  2.116073379550e+011 -8.320830401020e+010
  2.116161318465e+011 -8.318586417806e+010
  2.116249233352e+011 -8.316342340120e+010
  2.116337124208e+011 -8.314098167989e+010
  2.116424991032e+011 -8.311853901438e+010
  2.116512833824e+011 -8.309609540493e+010
  2.116600652583e+011 -8.307365085178e+010
  2.116688447307e+011 -8.305120535521e+010
  2.116776217996e+011 -8.302875891545e+010
  2.116863964648e+011 -8.300631153276e+010
  2.116951687263e+011 -8.298386320740e+010
  2.117039385840e+011 -8.296141393962e+010
  2.117127060377e+011 -8.293896372968e+010
  2.117214710874e+011 -8.291651257783e+010
  2.117302337329e+011 -8.289406048433e+010
  2.117389939742e+011 -8.287160744942e+010
  2.117477518111e+011 -8.284915347337e+010
  2.117565072436e+011 -8.282669855643e+010
  2.117652602715e+011 -8.280424269886e+010
  2.117740108948e+011 -8.278178590090e+010
  2.117827591134e+011 -8.275932816281e+010
  2.117915049271e+011 -8.273686948485e+010
  2.118002483358e+011 -8.271440986728e+010
  2.118089893395e+011 -8.269194931034e+010
  2.118177279381e+011 -8.266948781429e+010
  2.118264641314e+011 -8.264702537938e+010
  2.118351979194e+011 -8.262456200588e+010
  2.118439293019e+011 -8.260209769403e+010
  2.118526582789e+011 -8.257963244409e+010
  2.118613848502e+011 -8.255716625631e+010
  2.118701090158e+011 -8.253469913096e+010
  2.118788307756e+011 -8.251223106827e+010
  2.118875501294e+011 -8.248976206852e+010
  2.118962670771e+011 -8.246729213195e+010
  2.119049816187e+011 -8.244482125881e+010
  2.119136937541e+011 -8.242234944937e+010
  2.119224034831e+011 -8.239987670387e+010
  2.119311108056e+011 -8.237740302258e+010
  2.119398157217e+011 -8.235492840574e+010
  2.119485182311e+011 -8.233245285361e+010
  2.119572183337e+011 -8.230997636645e+010
  2.119659160295e+011 -8.228749894451e+010
  2.119746113183e+011 -8.226502058805e+010
  2.119833042001e+011 -8.224254129731e+010
  2.119919946748e+011 -8.222006107257e+010
  2.120006827422e+011 -8.219757991406e+010
  2.120093684023e+011 -8.217509782204e+010
  2.120180516549e+011 -8.215261479678e+010
  2.120267325000e+011 -8.213013083852e+010
  2.120354109375e+011 -8.210764594751e+010
  2.120440869672e+011 -8.208516012403e+010
  2.120527605891e+011 -8.206267336831e+010
  2.120614318030e+011 -8.204018568061e+010
  2.120701006089e+011 -8.201769706120e+010
  2.120787670067e+011 -8.199520751031e+010
  2.120874309962e+011 -8.197271702822e+010
  2.120960925774e+011 -8.195022561517e+010
  2.121047517502e+011 -8.192773327142e+010
  2.121134085144e+011 -8.190523999722e+010
  2.121220628700e+011 -8.188274579283e+010
  2.121307148169e+011 -8.186025065850e+010
  2.121393643549e+011 -8.183775459449e+010
  2.121480114840e+011 -8.181525760106e+010
  2.121566562041e+011 -8.179275967845e+010
  2.121652985151e+011 -8.177026082693e+010
  2.121739384168e+011 -8.174776104674e+010
  2.121825759092e+011 -8.172526033815e+010
  2.121912109922e+011 -8.170275870141e+010
  2.121998436656e+011 -8.168025613677e+010
  2.122084739294e+011 -8.165775264449e+010
  2.122171017835e+011 -8.163524822482e+010
  2.122257272278e+011 -8.161274287802e+010
  2.122343502622e+011 -8.159023660434e+010
  2.122429708865e+011 -8.156772940404e+010
  2.122515891008e+011 -8.154522127738e+010
  2.122602049048e+011 -8.152271222461e+010
  2.122688182985e+011 -8.150020224598e+010
  2.122774292818e+011 -8.147769134175e+010
  2.122860378545e+011 -8.145517951217e+010
  2.122946440167e+011 -8.143266675751e+010
