 -5.641991071846e+010 -1.485980245963e+010
 -5.640767310775e+010 -1.490611286809e+010
 -5.639539758452e+010 -1.495241325779e+010
 -5.638308415700e+010 -1.499870359760e+010
 -5.637073283344e+010 -1.504498385640e+010
 -5.635834362210e+010 -1.509125400307e+010
 -5.634591653128e+010 -1.513751400648e+010
 -5.633345156932e+010 -1.518376383555e+010
 -5.632094874456e+010 -1.523000345916e+010
 -5.630840806537e+010 -1.527623284622e+010
 -5.629582954016e+010 -1.532245196565e+010
 -5.628321317736e+010 -1.536866078637e+010
 -5.627055898541e+010 -1.541485927731e+010
 -5.625786697280e+010 -1.546104740740e+010
 -5.624513714803e+010 -1.550722514558e+010
 -5.623236951963e+010 -1.555339246081e+010
 -5.621956409615e+010 -1.559954932204e+010
 -5.620672088618e+010 -1.564569569823e+010
 -5.619383989833e+010 -1.569183155836e+010
 -5.618092114122e+010 -1.573795687140e+010
 -5.616796462352e+010 -1.578407160634e+010
 -5.615497035391e+010 -1.583017573216e+010
 -5.614193834109e+010 -1.587626921787e+010
 -5.612886859381e+010 -1.592235203247e+010
 -5.611576112082e+010 -1.596842414498e+010
 -5.610261593091e+010 -1.601448552442e+010
 -5.608943303289e+010 -1.606053613981e+010
 -5.607621243560e+010 -1.610657596019e+010
 -5.606295414791e+010 -1.615260495460e+010
 -5.604965817869e+010 -1.619862309209e+010
 -5.603632453688e+010 -1.624463034172e+010
 -5.602295323139e+010 -1.629062667255e+010
 -5.600954427121e+010 -1.633661205366e+010
 -5.599609766532e+010 -1.638258645412e+010
 -5.598261342274e+010 -1.642854984302e+010
 -5.596909155251e+010 -1.647450218946e+010
 -5.595553206370e+010 -1.652044346253e+010
 -5.594193496540e+010 -1.656637363135e+010
 -5.592830026673e+010 -1.661229266502e+010
 -5.591462797684e+010 -1.665820053268e+010
 -5.590091810488e+010 -1.670409720346e+010
 -5.588717066007e+010 -1.674998264649e+010
 -5.587338565162e+010 -1.679585683093e+010
 -5.585956308878e+010 -1.684171972592e+010
 -5.584570298081e+010 -1.688757130063e+010
 -5.583180533702e+010 -1.693341152422e+010
 -5.581787016673e+010 -1.697924036588e+010
 -5.580389747928e+010 -1.702505779480e+010
 -5.578988728406e+010 -1.707086378015e+010
 -5.577583959046e+010 -1.711665829114e+010
 -5.576175440790e+010 -1.716244129699e+010
 -5.574763174583e+010 -1.720821276691e+010
 -5.573347161373e+010 -1.725397267011e+010
 -5.571927402111e+010 -1.729972097584e+010
 -5.570503897748e+010 -1.734545765333e+010
 -5.569076649240e+010 -1.739118267182e+010
 -5.567645657545e+010 -1.743689600058e+010
 -5.566210923623e+010 -1.748259760887e+010
 -5.564772448436e+010 -1.752828746596e+010
 -5.563330232951e+010 -1.757396554112e+010
 -5.561884278134e+010 -1.761963180365e+010
 -5.560434584957e+010 -1.766528622284e+010
 -5.558981154392e+010 -1.771092876799e+010
 -5.557523987415e+010 -1.775655940841e+010
 -5.556063085004e+010 -1.780217811342e+010
 -5.554598448139e+010 -1.784778485236e+010
 -5.553130077804e+010 -1.789337959454e+010
 -5.551657974984e+010 -1.793896230933e+010
 -5.550182140667e+010 -1.798453296606e+010
 -5.548702575845e+010 -1.803009153411e+010
 -5.547219281509e+010 -1.807563798283e+010
 -5.545732258657e+010 -1.812117228160e+010
 -5.544241508286e+010 -1.816669439981e+010
 -5.542747031398e+010 -1.821220430685e+010
 -5.541248828995e+010 -1.825770197212e+010
 -5.539746902083e+010 -1.830318736503e+010
 -5.538241251671e+010 -1.834866045499e+010
 -5.536731878770e+010 -1.839412121144e+010
 -5.535218784394e+010 -1.843956960381e+010
 -5.533701969557e+010 -1.848500560153e+010
 -5.532181435280e+010 -1.853042917407e+010
 -5.530657182582e+010 -1.857584029088e+010
 -5.529129212488e+010 -1.862123892142e+010
 -5.527597526023e+010 -1.866662503517e+010
 -5.526062124217e+010 -1.871199860163e+010
 -5.524523008100e+010 -1.875735959027e+010
 -5.522980178706e+010 -1.880270797061e+010
 -5.521433637071e+010 -1.884804371215e+010
 -5.519883384234e+010 -1.889336678442e+010
 -5.518329421235e+010 -1.893867715693e+010
 -5.516771749120e+010 -1.898397479923e+010
 -5.515210368934e+010 -1.902925968086e+010
 -5.513645281726e+010 -1.907453177137e+010
 -5.512076488547e+010 -1.911979104033e+010
 -5.510503990451e+010 -1.916503745731e+010
 -5.508927788494e+010 -1.921027099188e+010
 -5.507347883735e+010 -1.925549161364e+010
 -5.505764277236e+010 -1.930069929217e+010
 -5.504176970060e+010 -1.934589399710e+010
 -5.502585963273e+010 -1.939107569802e+010
 -5.500991257946e+010 -1.943624436457e+010
 -5.499392855148e+010 -1.948139996637e+010
 -5.497790755954e+010 -1.952654247307e+010
 -5.496184961441e+010 -1.957167185432e+010
 -5.494575472687e+010 -1.961678807978e+010
 -5.492962290773e+010 -1.966189111910e+010
 -5.491345416784e+010 -1.970698094198e+010
 -5.489724851806e+010 -1.975205751810e+010
 -5.488100596928e+010 -1.979712081714e+010
 -5.486472653242e+010 -1.984217080882e+010
 -5.484841021841e+010 -1.988720746285e+010
 -5.483205703821e+010 -1.993223074895e+010
 -5.481566700283e+010 -1.997724063684e+010
 -5.479924012327e+010 -2.002223709628e+010
 -5.478277641057e+010 -2.006722009700e+010
 -5.476627587579e+010 -2.011218960877e+010
 -5.474973853004e+010 -2.015714560135e+010
 -5.473316438441e+010 -2.020208804452e+010
 -5.471655345006e+010 -2.024701690807e+010
 -5.469990573814e+010 -2.029193216179e+010
 -5.468322125984e+010 -2.033683377548e+010
 -5.466650002639e+010 -2.038172171897e+010
 -5.464974204901e+010 -2.042659596206e+010
 -5.463294733898e+010 -2.047145647459e+010
 -5.461611590758e+010 -2.051630322641e+010
 -5.459924776612e+010 -2.056113618737e+010
 -5.458234292595e+010 -2.060595532731e+010
 -5.456540139843e+010 -2.065076061613e+010
 -5.454842319495e+010 -2.069555202368e+010
 -5.453140832692e+010 -2.074032951987e+010
 -5.451435680578e+010 -2.078509307458e+010
 -5.449726864299e+010 -2.082984265773e+010
 -5.448014385005e+010 -2.087457823923e+010
 -5.446298243846e+010 -2.091929978902e+010
 -5.444578441977e+010 -2.096400727701e+010
 -5.442854980554e+010 -2.100870067316e+010
 -5.441127860734e+010 -2.105337994743e+010
 -5.439397083681e+010 -2.109804506978e+010
 -5.437662650557e+010 -2.114269601018e+010
 -5.435924562529e+010 -2.118733273861e+010
 -5.434182820765e+010 -2.123195522508e+010
 -5.432437426437e+010 -2.127656343957e+010
 -5.430688380718e+010 -2.132115735211e+010
 -5.428935684785e+010 -2.136573693272e+010
 -5.427179339815e+010 -2.141030215143e+010
 -5.425419346991e+010 -2.145485297828e+010
 -5.423655707495e+010 -2.149938938332e+010
 -5.421888422514e+010 -2.154391133662e+010
 -5.420117493236e+010 -2.158841880824e+010
 -5.418342920853e+010 -2.163291176827e+010
 -5.416564706557e+010 -2.167739018679e+010
 -5.414782851544e+010 -2.172185403391e+010
 -5.412997357014e+010 -2.176630327975e+010
 -5.411208224167e+010 -2.181073789441e+010
 -5.409415454205e+010 -2.185515784804e+010
 -5.407619048336e+010 -2.189956311076e+010
 -5.405819007767e+010 -2.194395365274e+010
 -5.404015333709e+010 -2.198832944413e+010
 -5.402208027376e+010 -2.203269045510e+010
 -5.400397089982e+010 -2.207703665583e+010
 -5.398582522746e+010 -2.212136801652e+010
 -5.396764326889e+010 -2.216568450737e+010
 -5.394942503634e+010 -2.220998609858e+010
 -5.393117054206e+010 -2.225427276038e+010
 -5.391287979833e+010 -2.229854446300e+010
 -5.389455281746e+010 -2.234280117667e+010
 -5.387618961177e+010 -2.238704287166e+010
 -5.385779019362e+010 -2.243126951822e+010
 -5.383935457539e+010 -2.247548108663e+010
 -5.382088276948e+010 -2.251967754716e+010
 -5.380237478832e+010 -2.256385887012e+010
 -5.378383064435e+010 -2.260802502579e+010
 -5.376525035006e+010 -2.265217598451e+010
 -5.374663391795e+010 -2.269631171658e+010
 -5.372798136054e+010 -2.274043219235e+010
 -5.370929269037e+010 -2.278453738215e+010
 -5.369056792004e+010 -2.282862725635e+010
 -5.367180706213e+010 -2.287270178530e+010
 -5.365301012926e+010 -2.291676093939e+010
 -5.363417713409e+010 -2.296080468900e+010
 -5.361530808929e+010 -2.300483300452e+010
 -5.359640300755e+010 -2.304884585636e+010
 -5.357746190160e+010 -2.309284321495e+010
 -5.355848478418e+010 -2.313682505070e+010
 -5.353947166806e+010 -2.318079133406e+010
 -5.352042256604e+010 -2.322474203547e+010
 -5.350133749093e+010 -2.326867712540e+010
 -5.348221645558e+010 -2.331259657432e+010
 -5.346305947286e+010 -2.335650035270e+010
 -5.344386655565e+010 -2.340038843104e+010
 -5.342463771687e+010 -2.344426077984e+010
 -5.340537296947e+010 -2.348811736962e+010
 -5.338607232641e+010 -2.353195817089e+010
 -5.336673580068e+010 -2.357578315419e+010
 -5.334736340530e+010 -2.361959229008e+010
 -5.332795515329e+010 -2.366338554909e+010
 -5.330851105773e+010 -2.370716290181e+010
 -5.328903113169e+010 -2.375092431881e+010
 -5.326951538830e+010 -2.379466977067e+010
 -5.324996384069e+010 -2.383839922800e+010
 -5.323037650201e+010 -2.388211266141e+010
 -5.321075338546e+010 -2.392581004151e+010
 -5.319109450423e+010 -2.396949133894e+010
 -5.317139987156e+010 -2.401315652435e+010
 -5.315166950071e+010 -2.405680556839e+010
 -5.313190340496e+010 -2.410043844171e+010
 -5.311210159761e+010 -2.414405511501e+010
 -5.309226409200e+010 -2.418765555896e+010
 -5.307239090147e+010 -2.423123974427e+010
 -5.305248203941e+010 -2.427480764163e+010
 -5.303253751922e+010 -2.431835922179e+010
 -5.301255735432e+010 -2.436189445545e+010
 -5.299254155816e+010 -2.440541331338e+010
 -5.297249014422e+010 -2.444891576632e+010
 -5.295240312599e+010 -2.449240178503e+010
 -5.293228051701e+010 -2.453587134029e+010
 -5.291212233081e+010 -2.457932440290e+010
 -5.289192858097e+010 -2.462276094364e+010
 -5.287169928108e+010 -2.466618093333e+010
 -5.285143444476e+010 -2.470958434279e+010
 -5.283113408565e+010 -2.475297114285e+010
 -5.281079821743e+010 -2.479634130435e+010
 -5.279042685379e+010 -2.483969479816e+010
 -5.277002000843e+010 -2.488303159513e+010
 -5.274957769511e+010 -2.492635166615e+010
 -5.272909992757e+010 -2.496965498210e+010
 -5.270858671962e+010 -2.501294151388e+010
 -5.268803808506e+010 -2.505621123241e+010
 -5.266745403773e+010 -2.509946410860e+010
 -5.264683459148e+010 -2.514270011341e+010
 -5.262617976021e+010 -2.518591921776e+010
 -5.260548955782e+010 -2.522912139262e+010
 -5.258476399824e+010 -2.527230660896e+010
 -5.256400309543e+010 -2.531547483776e+010
 -5.254320686337e+010 -2.535862605000e+010
 -5.252237531606e+010 -2.540176021671e+010
 -5.250150846752e+010 -2.544487730888e+010
 -5.248060633182e+010 -2.548797729756e+010
 -5.245966892302e+010 -2.553106015377e+010
 -5.243869625523e+010 -2.557412584857e+010
 -5.241768834257e+010 -2.561717435302e+010
 -5.239664519918e+010 -2.566020563820e+010
 -5.237556683924e+010 -2.570321967518e+010
 -5.235445327694e+010 -2.574621643508e+010
 -5.233330452650e+010 -2.578919588899e+010
 -5.231212060217e+010 -2.583215800805e+010
 -5.229090151820e+010 -2.587510276337e+010
 -5.226964728890e+010 -2.591803012611e+010
 -5.224835792857e+010 -2.596094006743e+010
 -5.222703345155e+010 -2.600383255849e+010
 -5.220567387221e+010 -2.604670757047e+010
 -5.218427920493e+010 -2.608956507456e+010
 -5.216284946412e+010 -2.613240504198e+010
 -5.214138466421e+010 -2.617522744393e+010
 -5.211988481966e+010 -2.621803225165e+010
 -5.209834994495e+010 -2.626081943636e+010
 -5.207678005458e+010 -2.630358896934e+010
 -5.205517516309e+010 -2.634634082184e+010
 -5.203353528502e+010 -2.638907496513e+010
 -5.201186043495e+010 -2.643179137051e+010
 -5.199015062748e+010 -2.647449000928e+010
 -5.196840587724e+010 -2.651717085274e+010
 -5.194662619886e+010 -2.655983387223e+010
 -5.192481160703e+010 -2.660247903907e+010
 -5.190296211642e+010 -2.664510632463e+010
 -5.188107774177e+010 -2.668771570026e+010
 -5.185915849781e+010 -2.673030713733e+010
 -5.183720439931e+010 -2.677288060723e+010
 -5.181521546106e+010 -2.681543608136e+010
 -5.179319169787e+010 -2.685797353112e+010
 -5.177113312456e+010 -2.690049292795e+010
 -5.174903975602e+010 -2.694299424327e+010
 -5.172691160711e+010 -2.698547744853e+010
 -5.170474869274e+010 -2.702794251520e+010
 -5.168255102784e+010 -2.707038941473e+010
 -5.166031862738e+010 -2.711281811863e+010
 -5.163805150631e+010 -2.715522859838e+010
 -5.161574967966e+010 -2.719762082550e+010
 -5.159341316243e+010 -2.723999477150e+010
 -5.157104196968e+010 -2.728235040791e+010
 -5.154863611647e+010 -2.732468770630e+010
 -5.152619561791e+010 -2.736700663821e+010
 -5.150372048911e+010 -2.740930717521e+010
 -5.148121074521e+010 -2.745158928890e+010
 -5.145866640138e+010 -2.749385295086e+010
 -5.143608747281e+010 -2.753609813270e+010
 -5.141347397470e+010 -2.757832480606e+010
 -5.139082592230e+010 -2.762053294256e+010
 -5.136814333086e+010 -2.766272251384e+010
 -5.134542621567e+010 -2.770489349158e+010
 -5.132267459203e+010 -2.774704584743e+010
 -5.129988847526e+010 -2.778917955309e+010
 -5.127706788073e+010 -2.783129458026e+010
 -5.125421282380e+010 -2.787339090064e+010
 -5.123132331989e+010 -2.791546848596e+010
 -5.120839938440e+010 -2.795752730796e+010
 -5.118544103278e+010 -2.799956733837e+010
 -5.116244828051e+010 -2.804158854898e+010
 -5.113942114308e+010 -2.808359091154e+010
 -5.111635963600e+010 -2.812557439785e+010
 -5.109326377480e+010 -2.816753897970e+010
 -5.107013357507e+010 -2.820948462892e+010
 -5.104696905237e+010 -2.825141131732e+010
 -5.102377022231e+010 -2.829331901675e+010
 -5.100053710054e+010 -2.833520769906e+010
 -5.097726970270e+010 -2.837707733611e+010
 -5.095396804447e+010 -2.841892789978e+010
 -5.093063214156e+010 -2.846075936196e+010
 -5.090726200969e+010 -2.850257169456e+010
 -5.088385766461e+010 -2.854436486948e+010
 -5.086041912208e+010 -2.858613885868e+010
 -5.083694639791e+010 -2.862789363408e+010
 -5.081343950790e+010 -2.866962916764e+010
 -5.078989846791e+010 -2.871134543133e+010
 -5.076632329379e+010 -2.875304239714e+010
 -5.074271400144e+010 -2.879472003705e+010
 -5.071907060675e+010 -2.883637832309e+010
 -5.069539312567e+010 -2.887801722727e+010
 -5.067168157415e+010 -2.891963672162e+010
 -5.064793596817e+010 -2.896123677820e+010
 -5.062415632374e+010 -2.900281736907e+010
 -5.060034265687e+010 -2.904437846630e+010
 -5.057649498362e+010 -2.908592004198e+010
 -5.055261332005e+010 -2.912744206822e+010
 -5.052869768227e+010 -2.916894451712e+010
 -5.050474808639e+010 -2.921042736082e+010
 -5.048076454854e+010 -2.925189057146e+010
 -5.045674708490e+010 -2.929333412119e+010
 -5.043269571165e+010 -2.933475798218e+010
 -5.040861044500e+010 -2.937616212662e+010
 -5.038449130118e+010 -2.941754652670e+010
 -5.036033829645e+010 -2.945891115463e+010
 -5.033615144708e+010 -2.950025598263e+010
 -5.031193076938e+010 -2.954158098294e+010
 -5.028767627967e+010 -2.958288612780e+010
 -5.026338799429e+010 -2.962417138949e+010
 -5.023906592963e+010 -2.966543674028e+010
 -5.021471010206e+010 -2.970668215245e+010
 -5.019032052801e+010 -2.974790759831e+010
 -5.016589722391e+010 -2.978911305018e+010
 -5.014144020622e+010 -2.983029848040e+010
 -5.011694949143e+010 -2.987146386130e+010
 -5.009242509605e+010 -2.991260916524e+010
 -5.006786703661e+010 -2.995373436460e+010
 -5.004327532965e+010 -2.999483943176e+010
 -5.001864999175e+010 -3.003592433913e+010
 -4.999399103952e+010 -3.007698905911e+010
 -4.996929848956e+010 -3.011803356413e+010
 -4.994457235854e+010 -3.015905782664e+010
 -4.991981266310e+010 -3.020006181908e+010
 -4.989501941994e+010 -3.024104551394e+010
 -4.987019264577e+010 -3.028200888368e+010
 -4.984533235733e+010 -3.032295190081e+010
 -4.982043857138e+010 -3.036387453784e+010
 -4.979551130468e+010 -3.040477676728e+010
 -4.977055057405e+010 -3.044565856169e+010
 -4.974555639631e+010 -3.048651989361e+010
 -4.972052878831e+010 -3.052736073561e+010
 -4.969546776692e+010 -3.056818106026e+010
 -4.967037334903e+010 -3.060898084017e+010
 -4.964524555155e+010 -3.064976004793e+010
 -4.962008439143e+010 -3.069051865618e+010
 -4.959488988562e+010 -3.073125663755e+010
 -4.956966205111e+010 -3.077197396469e+010
 -4.954440090491e+010 -3.081267061026e+010
 -4.951910646404e+010 -3.085334654694e+010
 -4.949377874555e+010 -3.089400174742e+010
 -4.946841776652e+010 -3.093463618442e+010
 -4.944302354404e+010 -3.097524983065e+010
 -4.941759609523e+010 -3.101584265885e+010
 -4.939213543723e+010 -3.105641464176e+010
 -4.936664158721e+010 -3.109696575215e+010
 -4.934111456235e+010 -3.113749596281e+010
 -4.931555437986e+010 -3.117800524651e+010
 -4.928996105697e+010 -3.121849357607e+010
 -4.926433461093e+010 -3.125896092431e+010
 -4.923867505902e+010 -3.129940726406e+010
 -4.921298241853e+010 -3.133983256818e+010
 -4.918725670680e+010 -3.138023680952e+010
 -4.916149794115e+010 -3.142061996097e+010
 -4.913570613896e+010 -3.146098199541e+010
 -4.910988131760e+010 -3.150132288576e+010
 -4.908402349450e+010 -3.154164260493e+010
 -4.905813268709e+010 -3.158194112587e+010
 -4.903220891281e+010 -3.162221842151e+010
 -4.900625218915e+010 -3.166247446484e+010
 -4.898026253360e+010 -3.170270922882e+010
 -4.895423996368e+010 -3.174292268645e+010
 -4.892818449694e+010 -3.178311481074e+010
 -4.890209615095e+010 -3.182328557471e+010
 -4.887597494329e+010 -3.186343495140e+010
 -4.884982089157e+010 -3.190356291386e+010
 -4.882363401343e+010 -3.194366943516e+010
 -4.879741432651e+010 -3.198375448838e+010
 -4.877116184850e+010 -3.202381804662e+010
 -4.874487659710e+010 -3.206386008298e+010
 -4.871855859002e+010 -3.210388057060e+010
 -4.869220784502e+010 -3.214387948261e+010
 -4.866582437984e+010 -3.218385679216e+010
 -4.863940821230e+010 -3.222381247244e+010
 -4.861295936018e+010 -3.226374649661e+010
 -4.858647784133e+010 -3.230365883789e+010
 -4.855996367359e+010 -3.234354946948e+010
 -4.853341687486e+010 -3.238341836462e+010
 -4.850683746301e+010 -3.242326549655e+010
 -4.848022545598e+010 -3.246309083852e+010
 -4.845358087170e+010 -3.250289436381e+010
 -4.842690372814e+010 -3.254267604571e+010
 -4.840019404328e+010 -3.258243585753e+010
 -4.837345183514e+010 -3.262217377257e+010
 -4.834667712174e+010 -3.266188976418e+010
 -4.831986992114e+010 -3.270158380570e+010
 -4.829303025140e+010 -3.274125587049e+010
 -4.826615813064e+010 -3.278090593194e+010
 -4.823925357696e+010 -3.282053396343e+010
 -4.821231660850e+010 -3.286013993838e+010
 -4.818534724342e+010 -3.289972383021e+010
 -4.815834549992e+010 -3.293928561236e+010
 -4.813131139619e+010 -3.297882525827e+010
 -4.810424495047e+010 -3.301834274142e+010
 -4.807714618100e+010 -3.305783803530e+010
 -4.805001510605e+010 -3.309731111340e+010
 -4.802285174392e+010 -3.313676194923e+010
 -4.799565611292e+010 -3.317619051633e+010
 -4.796842823139e+010 -3.321559678824e+010
 -4.794116811768e+010 -3.325498073852e+010
 -4.791387579018e+010 -3.329434234074e+010
 -4.788655126730e+010 -3.333368156849e+010
 -4.785919456744e+010 -3.337299839539e+010
 -4.783180570907e+010 -3.341229279505e+010
 -4.780438471064e+010 -3.345156474110e+010
 -4.777693159065e+010 -3.349081420721e+010
 -4.774944636760e+010 -3.353004116703e+010
 -4.772192906003e+010 -3.356924559424e+010
 -4.769437968650e+010 -3.360842746256e+010
 -4.766679826557e+010 -3.364758674568e+010
 -4.763918481585e+010 -3.368672341733e+010
 -4.761153935596e+010 -3.372583745127e+010
 -4.758386190453e+010 -3.376492882125e+010
 -4.755615248023e+010 -3.380399750105e+010
 -4.752841110174e+010 -3.384304346445e+010
 -4.750063778778e+010 -3.388206668526e+010
 -4.747283255705e+010 -3.392106713730e+010
 -4.744499542832e+010 -3.396004479442e+010
 -4.741712642036e+010 -3.399899963045e+010
 -4.738922555195e+010 -3.403793161928e+010
 -4.736129284192e+010 -3.407684073478e+010
 -4.733332830908e+010 -3.411572695086e+010
 -4.730533197231e+010 -3.415459024142e+010
 -4.727730385048e+010 -3.419343058040e+010
 -4.724924396248e+010 -3.423224794175e+010
 -4.722115232725e+010 -3.427104229943e+010
 -4.719302896372e+010 -3.430981362741e+010
 -4.716487389085e+010 -3.434856189969e+010
 -4.713668712763e+010 -3.438728709028e+010
 -4.710846869307e+010 -3.442598917320e+010
 -4.708021860619e+010 -3.446466812250e+010
 -4.705193688605e+010 -3.450332391222e+010
 -4.702362355171e+010 -3.454195651645e+010
 -4.699527862227e+010 -3.458056590927e+010
 -4.696690211684e+010 -3.461915206479e+010
 -4.693849405455e+010 -3.465771495712e+010
 -4.691005445456e+010 -3.469625456040e+010
 -4.688158333605e+010 -3.473477084879e+010
 -4.685308071822e+010 -3.477326379644e+010
 -4.682454662029e+010 -3.481173337755e+010
 -4.679598106149e+010 -3.485017956632e+010
 -4.676738406109e+010 -3.488860233695e+010
 -4.673875563838e+010 -3.492700166369e+010
 -4.671009581265e+010 -3.496537752077e+010
 -4.668140460324e+010 -3.500372988247e+010
 -4.665268202949e+010 -3.504205872306e+010
 -4.662392811078e+010 -3.508036401683e+010
 -4.659514286648e+010 -3.511864573811e+010
 -4.656632631601e+010 -3.515690386122e+010
 -4.653747847880e+010 -3.519513836049e+010
 -4.650859937431e+010 -3.523334921030e+010
 -4.647968902201e+010 -3.527153638502e+010
 -4.645074744139e+010 -3.530969985904e+010
 -4.642177465198e+010 -3.534783960677e+010
 -4.639277067330e+010 -3.538595560263e+010
 -4.636373552492e+010 -3.542404782107e+010
 -4.633466922641e+010 -3.546211623655e+010
 -4.630557179739e+010 -3.550016082353e+010
 -4.627644325746e+010 -3.553818155651e+010
 -4.624728362627e+010 -3.557617840999e+010
 -4.621809292348e+010 -3.561415135850e+010
 -4.618887116879e+010 -3.565210037657e+010
 -4.615961838189e+010 -3.569002543877e+010
 -4.613033458250e+010 -3.572792651965e+010
 -4.610101979039e+010 -3.576580359382e+010
 -4.607167402531e+010 -3.580365663587e+010
 -4.604229730706e+010 -3.584148562042e+010
 -4.601288965544e+010 -3.587929052212e+010
 -4.598345109029e+010 -3.591707131561e+010
 -4.595398163146e+010 -3.595482797558e+010
 -4.592448129882e+010 -3.599256047669e+010
 -4.589495011226e+010 -3.603026879366e+010
 -4.586538809170e+010 -3.606795290121e+010
 -4.583579525707e+010 -3.610561277407e+010
 -4.580617162833e+010 -3.614324838699e+010
 -4.577651722546e+010 -3.618085971475e+010
 -4.574683206845e+010 -3.621844673213e+010
 -4.571711617732e+010 -3.625600941393e+010
 -4.568736957212e+010 -3.629354773498e+010
 -4.565759227289e+010 -3.633106167011e+010
 -4.562778429972e+010 -3.636855119416e+010
 -4.559794567272e+010 -3.640601628202e+010
 -4.556807641200e+010 -3.644345690856e+010
 -4.553817653770e+010 -3.648087304869e+010
 -4.550824606999e+010 -3.651826467733e+010
 -4.547828502906e+010 -3.655563176941e+010
 -4.544829343510e+010 -3.659297429989e+010
 -4.541827130834e+010 -3.663029224373e+010
 -4.538821866903e+010 -3.666758557593e+010
 -4.535813553743e+010 -3.670485427149e+010
 -4.532802193383e+010 -3.674209830542e+010
 -4.529787787854e+010 -3.677931765276e+010
 -4.526770339189e+010 -3.681651228858e+010
 -4.523749849422e+010 -3.685368218793e+010
 -4.520726320590e+010 -3.689082732590e+010
 -4.517699754732e+010 -3.692794767761e+010
 -4.514670153889e+010 -3.696504321816e+010
 -4.511637520104e+010 -3.700211392271e+010
 -4.508601855423e+010 -3.703915976640e+010
 -4.505563161891e+010 -3.707618072441e+010
 -4.502521441560e+010 -3.711317677193e+010
 -4.499476696479e+010 -3.715014788416e+010
 -4.496428928701e+010 -3.718709403632e+010
 -4.493378140283e+010 -3.722401520367e+010
 -4.490324333282e+010 -3.726091136144e+010
 -4.487267509756e+010 -3.729778248493e+010
 -4.484207671768e+010 -3.733462854942e+010
 -4.481144821380e+010 -3.737144953022e+010
 -4.478078960658e+010 -3.740824540265e+010
 -4.475010091670e+010 -3.744501614206e+010
 -4.471938216485e+010 -3.748176172381e+010
 -4.468863337175e+010 -3.751848212328e+010
 -4.465785455812e+010 -3.755517731586e+010
 -4.462704574474e+010 -3.759184727697e+010
 -4.459620695236e+010 -3.762849198202e+010
 -4.456533820180e+010 -3.766511140648e+010
 -4.453443951386e+010 -3.770170552579e+010
 -4.450351090939e+010 -3.773827431546e+010
 -4.447255240923e+010 -3.777481775096e+010
 -4.444156403428e+010 -3.781133580782e+010
 -4.441054580541e+010 -3.784782846157e+010
 -4.437949774356e+010 -3.788429568776e+010
 -4.434841986965e+010 -3.792073746196e+010
 -4.431731220465e+010 -3.795715375976e+010
 -4.428617476953e+010 -3.799354455675e+010
 -4.425500758529e+010 -3.802990982855e+010
 -4.422381067295e+010 -3.806624955081e+010
 -4.419258405354e+010 -3.810256369918e+010
 -4.416132774813e+010 -3.813885224932e+010
 -4.413004177778e+010 -3.817511517694e+010
 -4.409872616361e+010 -3.821135245774e+010
 -4.406738092672e+010 -3.824756406743e+010
 -4.403600608825e+010 -3.828374998177e+010
 -4.400460166937e+010 -3.831991017652e+010
 -4.397316769124e+010 -3.835604462744e+010
 -4.394170417507e+010 -3.839215331035e+010
 -4.391021114207e+010 -3.842823620104e+010
 -4.387868861348e+010 -3.846429327535e+010
 -4.384713661056e+010 -3.850032450913e+010
 -4.381555515458e+010 -3.853632987825e+010
 -4.378394426684e+010 -3.857230935858e+010
 -4.375230396866e+010 -3.860826292602e+010
 -4.372063428137e+010 -3.864419055650e+010
 -4.368893522633e+010 -3.868009222596e+010
 -4.365720682492e+010 -3.871596791034e+010
 -4.362544909852e+010 -3.875181758562e+010
 -4.359366206857e+010 -3.878764122778e+010
 -4.356184575648e+010 -3.882343881284e+010
 -4.353000018372e+010 -3.885921031683e+010
 -4.349812537176e+010 -3.889495571577e+010
 -4.346622134210e+010 -3.893067498574e+010
 -4.343428811624e+010 -3.896636810281e+010
 -4.340232571573e+010 -3.900203504308e+010
 -4.337033416211e+010 -3.903767578266e+010
 -4.333831347696e+010 -3.907329029769e+010
 -4.330626368187e+010 -3.910887856432e+010
 -4.327418479846e+010 -3.914444055871e+010
 -4.324207684835e+010 -3.917997625705e+010
 -4.320993985319e+010 -3.921548563555e+010
 -4.317777383467e+010 -3.925096867042e+010
 -4.314557881446e+010 -3.928642533791e+010
 -4.311335481427e+010 -3.932185561427e+010
 -4.308110185585e+010 -3.935725947578e+010
 -4.304881996093e+010 -3.939263689874e+010
 -4.301650915128e+010 -3.942798785946e+010
 -4.298416944869e+010 -3.946331233427e+010
 -4.295180087497e+010 -3.949861029951e+010
 -4.291940345195e+010 -3.953388173155e+010
 -4.288697720147e+010 -3.956912660678e+010
 -4.285452214539e+010 -3.960434490160e+010
 -4.282203830561e+010 -3.963953659243e+010
 -4.278952570402e+010 -3.967470165571e+010
 -4.275698436256e+010 -3.970984006790e+010
 -4.272441430315e+010 -3.974495180547e+010
 -4.269181554777e+010 -3.978003684492e+010
 -4.265918811840e+010 -3.981509516275e+010
 -4.262653203703e+010 -3.985012673551e+010
 -4.259384732569e+010 -3.988513153973e+010
 -4.256113400642e+010 -3.992010955199e+010
 -4.252839210127e+010 -3.995506074886e+010
 -4.249562163233e+010 -3.998998510696e+010
 -4.246282262169e+010 -4.002488260290e+010
 -4.242999509146e+010 -4.005975321332e+010
 -4.239713906379e+010 -4.009459691489e+010
 -4.236425456082e+010 -4.012941368427e+010
 -4.233134160474e+010 -4.016420349817e+010
 -4.229840021773e+010 -4.019896633330e+010
 -4.226543042200e+010 -4.023370216639e+010
 -4.223243223979e+010 -4.026841097419e+010
 -4.219940569335e+010 -4.030309273347e+010
 -4.216635080495e+010 -4.033774742102e+010
 -4.213326759687e+010 -4.037237501364e+010
 -4.210015609142e+010 -4.040697548816e+010
 -4.206701631093e+010 -4.044154882141e+010
 -4.203384827775e+010 -4.047609499027e+010
 -4.200065201424e+010 -4.051061397162e+010
 -4.196742754278e+010 -4.054510574234e+010
 -4.193417488577e+010 -4.057957027936e+010
 -4.190089406564e+010 -4.061400755961e+010
 -4.186758510483e+010 -4.064841756006e+010
 -4.183424802580e+010 -4.068280025766e+010
 -4.180088285102e+010 -4.071715562941e+010
 -4.176748960299e+010 -4.075148365233e+010
 -4.173406830423e+010 -4.078578430345e+010
 -4.170061897727e+010 -4.082005755980e+010
 -4.166714164467e+010 -4.085430339846e+010
 -4.163363632900e+010 -4.088852179651e+010
 -4.160010305284e+010 -4.092271273105e+010
 -4.156654183882e+010 -4.095687617922e+010
 -4.153295270955e+010 -4.099101211814e+010
 -4.149933568770e+010 -4.102512052498e+010
 -4.146569079591e+010 -4.105920137693e+010
 -4.143201805688e+010 -4.109325465117e+010
 -4.139831749332e+010 -4.112728032492e+010
 -4.136458912793e+010 -4.116127837543e+010
 -4.133083298348e+010 -4.119524877993e+010
 -4.129704908271e+010 -4.122919151572e+010
 -4.126323744840e+010 -4.126310656007e+010
 -4.122939810335e+010 -4.129699389031e+010
 -4.119553107039e+010 -4.133085348375e+010
 -4.116163637233e+010 -4.136468531776e+010
 -4.112771403203e+010 -4.139848936969e+010
 -4.109376407238e+010 -4.143226561693e+010
 -4.105978651624e+010 -4.146601403690e+010
 -4.102578138655e+010 -4.149973460701e+010
 -4.099174870621e+010 -4.153342730471e+010
 -4.095768849818e+010 -4.156709210747e+010
 -4.092360078542e+010 -4.160072899275e+010
 -4.088948559092e+010 -4.163433793808e+010
 -4.085534293767e+010 -4.166791892096e+010
 -4.082117284870e+010 -4.170147191893e+010
 -4.078697534704e+010 -4.173499690956e+010
 -4.075275045575e+010 -4.176849387041e+010
 -4.071849819790e+010 -4.180196277910e+010
 -4.068421859659e+010 -4.183540361322e+010
 -4.064991167493e+010 -4.186881635043e+010
 -4.061557745604e+010 -4.190220096837e+010
 -4.058121596309e+010 -4.193555744471e+010
 -4.054682721922e+010 -4.196888575715e+010
 -4.051241124764e+010 -4.200218588341e+010
 -4.047796807153e+010 -4.203545780120e+010
 -4.044349771413e+010 -4.206870148829e+010
 -4.040900019867e+010 -4.210191692243e+010
 -4.037447554840e+010 -4.213510408143e+010
 -4.033992378662e+010 -4.216826294308e+010
 -4.030534493660e+010 -4.220139348523e+010
 -4.027073902167e+010 -4.223449568570e+010
 -4.023610606515e+010 -4.226756952237e+010
 -4.020144609039e+010 -4.230061497313e+010
 -4.016675912076e+010 -4.233363201588e+010
 -4.013204517964e+010 -4.236662062854e+010
 -4.009730429044e+010 -4.239958078906e+010
 -4.006253647658e+010 -4.243251247540e+010
 -4.002774176150e+010 -4.246541566554e+010
 -3.999292016865e+010 -4.249829033749e+010
 -3.995807172151e+010 -4.253113646927e+010
 -3.992319644357e+010 -4.256395403891e+010
 -3.988829435835e+010 -4.259674302449e+010
 -3.985336548937e+010 -4.262950340407e+010
 -3.981840986019e+010 -4.266223515576e+010
 -3.978342749436e+010 -4.269493825768e+010
 -3.974841841547e+010 -4.272761268797e+010
 -3.971338264712e+010 -4.276025842478e+010
 -3.967832021293e+010 -4.279287544630e+010
 -3.964323113653e+010 -4.282546373071e+010
 -3.960811544159e+010 -4.285802325625e+010
 -3.957297315178e+010 -4.289055400114e+010
 -3.953780429077e+010 -4.292305594364e+010
 -3.950260888230e+010 -4.295552906202e+010
 -3.946738695007e+010 -4.298797333459e+010
 -3.943213851783e+010 -4.302038873966e+010
 -3.939686360935e+010 -4.305277525556e+010
 -3.936156224840e+010 -4.308513286065e+010
 -3.932623445879e+010 -4.311746153330e+010
 -3.929088026432e+010 -4.314976125191e+010
 -3.925549968883e+010 -4.318203199490e+010
 -3.922009275617e+010 -4.321427374068e+010
 -3.918465949021e+010 -4.324648646773e+010
 -3.914919991483e+010 -4.327867015451e+010
 -3.911371405394e+010 -4.331082477951e+010
 -3.907820193145e+010 -4.334295032126e+010
 -3.904266357131e+010 -4.337504675828e+010
 -3.900709899747e+010 -4.340711406912e+010
 -3.897150823391e+010 -4.343915223236e+010
 -3.893589130461e+010 -4.347116122659e+010
 -3.890024823359e+010 -4.350314103043e+010
 -3.886457904487e+010 -4.353509162250e+010
 -3.882888376250e+010 -4.356701298146e+010
 -3.879316241053e+010 -4.359890508598e+010
 -3.875741501305e+010 -4.363076791476e+010
 -3.872164159414e+010 -4.366260144650e+010
 -3.868584217794e+010 -4.369440565994e+010
 -3.865001678856e+010 -4.372618053383e+010
 -3.861416545015e+010 -4.375792604694e+010
 -3.857828818689e+010 -4.378964217807e+010
 -3.854238502295e+010 -4.382132890603e+010
 -3.850645598253e+010 -4.385298620964e+010
 -3.847050108986e+010 -4.388461406778e+010
 -3.843452036916e+010 -4.391621245930e+010
 -3.839851384469e+010 -4.394778136309e+010
 -3.836248154072e+010 -4.397932075808e+010
 -3.832642348154e+010 -4.401083062320e+010
 -3.829033969145e+010 -4.404231093739e+010
 -3.825423019477e+010 -4.407376167964e+010
 -3.821809501585e+010 -4.410518282894e+010
 -3.818193417903e+010 -4.413657436429e+010
 -3.814574770869e+010 -4.416793626474e+010
 -3.810953562922e+010 -4.419926850933e+010
 -3.807329796503e+010 -4.423057107715e+010
 -3.803703474055e+010 -4.426184394729e+010
 -3.800074598020e+010 -4.429308709886e+010
 -3.796443170847e+010 -4.432430051100e+010
 -3.792809194981e+010 -4.435548416286e+010
 -3.789172672872e+010 -4.438663803362e+010
 -3.785533606971e+010 -4.441776210248e+010
 -3.781891999732e+010 -4.444885634865e+010
 -3.778247853607e+010 -4.447992075138e+010
 -3.774601171054e+010 -4.451095528991e+010
 -3.770951954531e+010 -4.454195994352e+010
 -3.767300206496e+010 -4.457293469152e+010
 -3.763645929411e+010 -4.460387951322e+010
 -3.759989125739e+010 -4.463479438796e+010
 -3.756329797944e+010 -4.466567929510e+010
 -3.752667948493e+010 -4.469653421402e+010
 -3.749003579853e+010 -4.472735912412e+010
 -3.745336694495e+010 -4.475815400483e+010
 -3.741667294889e+010 -4.478891883557e+010
 -3.737995383509e+010 -4.481965359582e+010
 -3.734320962829e+010 -4.485035826506e+010
 -3.730644035325e+010 -4.488103282278e+010
 -3.726964603476e+010 -4.491167724852e+010
 -3.723282669762e+010 -4.494229152182e+010
 -3.719598236663e+010 -4.497287562224e+010
 -3.715911306663e+010 -4.500342952936e+010
 -3.712221882247e+010 -4.503395322280e+010
 -3.708529965901e+010 -4.506444668218e+010
 -3.704835560112e+010 -4.509490988714e+010
 -3.701138667372e+010 -4.512534281735e+010
 -3.697439290170e+010 -4.515574545251e+010
 -3.693737431001e+010 -4.518611777232e+010
 -3.690033092358e+010 -4.521645975650e+010
 -3.686326276739e+010 -4.524677138482e+010
 -3.682616986641e+010 -4.527705263704e+010
 -3.678905224564e+010 -4.530730349296e+010
 -3.675190993009e+010 -4.533752393237e+010
 -3.671474294480e+010 -4.536771393513e+010
 -3.667755131481e+010 -4.539787348108e+010
 -3.664033506517e+010 -4.542800255010e+010
 -3.660309422098e+010 -4.545810112209e+010
 -3.656582880733e+010 -4.548816917695e+010
 -3.652853884933e+010 -4.551820669463e+010
 -3.649122437210e+010 -4.554821365509e+010
 -3.645388540080e+010 -4.557819003830e+010
 -3.641652196058e+010 -4.560813582426e+010
 -3.637913407663e+010 -4.563805099300e+010
 -3.634172177413e+010 -4.566793552456e+010
 -3.630428507829e+010 -4.569778939899e+010
 -3.626682401435e+010 -4.572761259639e+010
 -3.622933860755e+010 -4.575740509685e+010
 -3.619182888314e+010 -4.578716688050e+010
 -3.615429486640e+010 -4.581689792749e+010
 -3.611673658262e+010 -4.584659821799e+010
 -3.607915405711e+010 -4.587626773218e+010
 -3.604154731520e+010 -4.590590645027e+010
 -3.600391638221e+010 -4.593551435249e+010
 -3.596626128353e+010 -4.596509141910e+010
 -3.592858204450e+010 -4.599463763036e+010
 -3.589087869052e+010 -4.602415296657e+010
 -3.585315124701e+010 -4.605363740804e+010
 -3.581539973936e+010 -4.608309093511e+010
 -3.577762419304e+010 -4.611251352814e+010
 -3.573982463348e+010 -4.614190516750e+010
 -3.570200108615e+010 -4.617126583359e+010
 -3.566415357655e+010 -4.620059550683e+010
 -3.562628213017e+010 -4.622989416766e+010
 -3.558838677253e+010 -4.625916179654e+010
 -3.555046752916e+010 -4.628839837396e+010
 -3.551252442561e+010 -4.631760388043e+010
 -3.547455748744e+010 -4.634677829646e+010
 -3.543656674025e+010 -4.637592160260e+010
 -3.539855220961e+010 -4.640503377942e+010
 -3.536051392115e+010 -4.643411480752e+010
 -3.532245190050e+010 -4.646316466750e+010
 -3.528436617329e+010 -4.649218333999e+010
 -3.524625676519e+010 -4.652117080564e+010
 -3.520812370188e+010 -4.655012704514e+010
 -3.516996700904e+010 -4.657905203917e+010
 -3.513178671238e+010 -4.660794576846e+010
 -3.509358283763e+010 -4.663680821373e+010
 -3.505535541052e+010 -4.666563935576e+010
 -3.501710445681e+010 -4.669443917532e+010
 -3.497883000228e+010 -4.672320765321e+010
 -3.494053207269e+010 -4.675194477026e+010
 -3.490221069387e+010 -4.678065050731e+010
 -3.486386589161e+010 -4.680932484523e+010
 -3.482549769177e+010 -4.683796776491e+010
 -3.478710612018e+010 -4.686657924725e+010
 -3.474869120271e+010 -4.689515927319e+010
 -3.471025296524e+010 -4.692370782368e+010
 -3.467179143366e+010 -4.695222487969e+010
 -3.463330663389e+010 -4.698071042222e+010
 -3.459479859184e+010 -4.700916443228e+010
 -3.455626733347e+010 -4.703758689092e+010
 -3.451771288473e+010 -4.706597777918e+010
 -3.447913527159e+010 -4.709433707816e+010
 -3.444053452005e+010 -4.712266476895e+010
 -3.440191065609e+010 -4.715096083269e+010
 -3.436326370575e+010 -4.717922525051e+010
 -3.432459369506e+010 -4.720745800358e+010
 -3.428590065006e+010 -4.723565907309e+010
 -3.424718459682e+010 -4.726382844025e+010
 -3.420844556143e+010 -4.729196608630e+010
 -3.416968356997e+010 -4.732007199248e+010
 -3.413089864856e+010 -4.734814614008e+010
 -3.409209082333e+010 -4.737618851039e+010
 -3.405326012041e+010 -4.740419908473e+010
 -3.401440656596e+010 -4.743217784443e+010
 -3.397553018616e+010 -4.746012477087e+010
 -3.393663100719e+010 -4.748803984542e+010
 -3.389770905525e+010 -4.751592304950e+010
 -3.385876435657e+010 -4.754377436452e+010
 -3.381979693737e+010 -4.757159377194e+010
 -3.378080682390e+010 -4.759938125322e+010
 -3.374179404243e+010 -4.762713678986e+010
 -3.370275861923e+010 -4.765486036338e+010
 -3.366370058059e+010 -4.768255195531e+010
 -3.362461995283e+010 -4.771021154720e+010
 -3.358551676226e+010 -4.773783912065e+010
 -3.354639103523e+010 -4.776543465724e+010
 -3.350724279809e+010 -4.779299813860e+010
 -3.346807207721e+010 -4.782052954638e+010
 -3.342887889896e+010 -4.784802886224e+010
 -3.338966328975e+010 -4.787549606788e+010
 -3.335042527600e+010 -4.790293114500e+010
 -3.331116488412e+010 -4.793033407534e+010
 -3.327188214056e+010 -4.795770484065e+010
 -3.323257707178e+010 -4.798504342270e+010
 -3.319324970425e+010 -4.801234980330e+010
 -3.315390006447e+010 -4.803962396427e+010
 -3.311452817892e+010 -4.806686588744e+010
 -3.307513407413e+010 -4.809407555469e+010
 -3.303571777663e+010 -4.812125294789e+010
 -3.299627931296e+010 -4.814839804897e+010
 -3.295681870970e+010 -4.817551083984e+010
 -3.291733599340e+010 -4.820259130246e+010
 -3.287783119067e+010 -4.822963941880e+010
 -3.283830432811e+010 -4.825665517086e+010
 -3.279875543234e+010 -4.828363854066e+010
 -3.275918453000e+010 -4.831058951024e+010
 -3.271959164773e+010 -4.833750806167e+010
 -3.267997681219e+010 -4.836439417701e+010
 -3.264034005007e+010 -4.839124783840e+010
 -3.260068138806e+010 -4.841806902794e+010
 -3.256100085287e+010 -4.844485772779e+010
 -3.252129847122e+010 -4.847161392013e+010
 -3.248157426984e+010 -4.849833758716e+010
 -3.244182827549e+010 -4.852502871108e+010
 -3.240206051493e+010 -4.855168727413e+010
 -3.236227101495e+010 -4.857831325859e+010
 -3.232245980233e+010 -4.860490664673e+010
 -3.228262690389e+010 -4.863146742086e+010
 -3.224277234645e+010 -4.865799556331e+010
 -3.220289615685e+010 -4.868449105643e+010
 -3.216299836194e+010 -4.871095388259e+010
 -3.212307898859e+010 -4.873738402418e+010
 -3.208313806367e+010 -4.876378146363e+010
 -3.204317561409e+010 -4.879014618338e+010
 -3.200319166675e+010 -4.881647816588e+010
 -3.196318624857e+010 -4.884277739362e+010
 -3.192315938650e+010 -4.886904384910e+010
 -3.188311110749e+010 -4.889527751486e+010
 -3.184304143850e+010 -4.892147837345e+010
 -3.180295040652e+010 -4.894764640744e+010
 -3.176283803854e+010 -4.897378159942e+010
 -3.172270436156e+010 -4.899988393202e+010
 -3.168254940261e+010 -4.902595338787e+010
 -3.164237318874e+010 -4.905198994964e+010
 -3.160217574698e+010 -4.907799360001e+010
 -3.156195710441e+010 -4.910396432170e+010
 -3.152171728811e+010 -4.912990209742e+010
 -3.148145632517e+010 -4.915580690995e+010
 -3.144117424269e+010 -4.918167874204e+010
 -3.140087106780e+010 -4.920751757649e+010
 -3.136054682764e+010 -4.923332339614e+010
 -3.132020154935e+010 -4.925909618382e+010
 -3.127983526010e+010 -4.928483592239e+010
 -3.123944798706e+010 -4.931054259474e+010
 -3.119903975743e+010 -4.933621618378e+010
 -3.115861059842e+010 -4.936185667246e+010
 -3.111816053724e+010 -4.938746404371e+010
 -3.107768960112e+010 -4.941303828052e+010
 -3.103719781731e+010 -4.943857936589e+010
 -3.099668521308e+010 -4.946408728284e+010
 -3.095615181570e+010 -4.948956201442e+010
 -3.091559765245e+010 -4.951500354369e+010
 -3.087502275064e+010 -4.954041185375e+010
 -3.083442713758e+010 -4.956578692771e+010
 -3.079381084061e+010 -4.959112874870e+010
 -3.075317388707e+010 -4.961643729989e+010
 -3.071251630431e+010 -4.964171256446e+010
 -3.067183811971e+010 -4.966695452560e+010
 -3.063113936065e+010 -4.969216316654e+010
 -3.059042005452e+010 -4.971733847055e+010
 -3.054968022875e+010 -4.974248042088e+010
 -3.050891991075e+010 -4.976758900083e+010
 -3.046813912796e+010 -4.979266419372e+010
 -3.042733790784e+010 -4.981770598288e+010
 -3.038651627785e+010 -4.984271435169e+010
 -3.034567426548e+010 -4.986768928353e+010
 -3.030481189821e+010 -4.989263076180e+010
 -3.026392920355e+010 -4.991753876994e+010
 -3.022302620902e+010 -4.994241329140e+010
 -3.018210294216e+010 -4.996725430966e+010
 -3.014115943051e+010 -4.999206180822e+010
 -3.010019570163e+010 -5.001683577059e+010
 -3.005921178309e+010 -5.004157618033e+010
 -3.001820770249e+010 -5.006628302100e+010
 -2.997718348742e+010 -5.009095627620e+010
 -2.993613916549e+010 -5.011559592953e+010
 -2.989507476434e+010 -5.014020196464e+010
 -2.985399031161e+010 -5.016477436518e+010
 -2.981288583494e+010 -5.018931311483e+010
 -2.977176136200e+010 -5.021381819731e+010
 -2.973061692048e+010 -5.023828959634e+010
 -2.968945253806e+010 -5.026272729566e+010
 -2.964826824246e+010 -5.028713127906e+010
 -2.960706406139e+010 -5.031150153034e+010
 -2.956584002259e+010 -5.033583803330e+010
 -2.952459615380e+010 -5.036014077180e+010
 -2.948333248278e+010 -5.038440972969e+010
 -2.944204903730e+010 -5.040864489088e+010
 -2.940074584515e+010 -5.043284623927e+010
 -2.935942293413e+010 -5.045701375879e+010
 -2.931808033204e+010 -5.048114743341e+010
 -2.927671806672e+010 -5.050524724710e+010
 -2.923533616599e+010 -5.052931318387e+010
 -2.919393465771e+010 -5.055334522775e+010
 -2.915251356975e+010 -5.057734336278e+010
 -2.911107292998e+010 -5.060130757304e+010
 -2.906961276628e+010 -5.062523784263e+010
 -2.902813310656e+010 -5.064913415566e+010
 -2.898663397874e+010 -5.067299649628e+010
 -2.894511541074e+010 -5.069682484865e+010
 -2.890357743051e+010 -5.072061919697e+010
 -2.886202006599e+010 -5.074437952543e+010
 -2.882044334516e+010 -5.076810581829e+010
 -2.877884729598e+010 -5.079179805979e+010
 -2.873723194646e+010 -5.081545623422e+010
 -2.869559732460e+010 -5.083908032588e+010
 -2.865394345842e+010 -5.086267031911e+010
 -2.861227037594e+010 -5.088622619824e+010
 -2.857057810521e+010 -5.090974794766e+010
 -2.852886667428e+010 -5.093323555176e+010
 -2.848713611122e+010 -5.095668899496e+010
 -2.844538644412e+010 -5.098010826171e+010
 -2.840361770107e+010 -5.100349333648e+010
 -2.836182991016e+010 -5.102684420375e+010
 -2.832002309952e+010 -5.105016084803e+010
 -2.827819729729e+010 -5.107344325387e+010
 -2.823635253160e+010 -5.109669140583e+010
 -2.819448883061e+010 -5.111990528848e+010
 -2.815260622249e+010 -5.114308488644e+010
 -2.811070473542e+010 -5.116623018433e+010
 -2.806878439760e+010 -5.118934116681e+010
 -2.802684523722e+010 -5.121241781855e+010
 -2.798488728252e+010 -5.123546012426e+010
 -2.794291056171e+010 -5.125846806866e+010
 -2.790091510304e+010 -5.128144163649e+010
 -2.785890093477e+010 -5.130438081253e+010
 -2.781686808516e+010 -5.132728558157e+010
 -2.777481658250e+010 -5.135015592842e+010
 -2.773274645508e+010 -5.137299183793e+010
 -2.769065773120e+010 -5.139579329496e+010
 -2.764855043918e+010 -5.141856028439e+010
