 -1.338864616214e+012  4.293044919867e+012
 -1.338869771331e+012  4.293043312143e+012
 -1.338874926445e+012  4.293041704412e+012
 -1.338880081557e+012  4.293040096675e+012
 -1.338885236667e+012  4.293038488932e+012
 -1.338890391775e+012  4.293036881182e+012
 -1.338895546882e+012  4.293035273426e+012
 -1.338900701986e+012  4.293033665664e+012
 -1.338905857088e+012  4.293032057895e+012
 -1.338911012189e+012  4.293030450120e+012
 -1.338916167287e+012  4.293028842339e+012
 -1.338921322384e+012  4.293027234552e+012
 -1.338926477478e+012  4.293025626758e+012
 -1.338931632571e+012  4.293024018958e+012
 -1.338936787661e+012  4.293022411152e+012
 -1.338941942750e+012  4.293020803339e+012
 -1.338947097837e+012  4.293019195520e+012
 -1.338952252921e+012  4.293017587695e+012
 -1.338957408004e+012  4.293015979863e+012
 -1.338962563085e+012  4.293014372025e+012
 -1.338967718164e+012  4.293012764181e+012
 -1.338972873240e+012  4.293011156330e+012
 -1.338978028315e+012  4.293009548473e+012
 -1.338983183388e+012  4.293007940610e+012
 -1.338988338459e+012  4.293006332741e+012
 -1.338993493528e+012  4.293004724865e+012
 -1.338998648595e+012  4.293003116983e+012
 -1.339003803660e+012  4.293001509094e+012
 -1.339008958723e+012  4.292999901200e+012
 -1.339014113784e+012  4.292998293299e+012
 -1.339019268843e+012  4.292996685391e+012
 -1.339024423900e+012  4.292995077478e+012
 -1.339029578955e+012  4.292993469558e+012
 -1.339034734009e+012  4.292991861631e+012
 -1.339039889060e+012  4.292990253699e+012
 -1.339045044109e+012  4.292988645760e+012
 -1.339050199156e+012  4.292987037815e+012
 -1.339055354202e+012  4.292985429863e+012
 -1.339060509245e+012  4.292983821905e+012
 -1.339065664286e+012  4.292982213941e+012
 -1.339070819326e+012  4.292980605971e+012
 -1.339075974363e+012  4.292978997994e+012
 -1.339081129399e+012  4.292977390011e+012
 -1.339086284432e+012  4.292975782021e+012
 -1.339091439464e+012  4.292974174026e+012
 -1.339096594493e+012  4.292972566024e+012
 -1.339101749521e+012  4.292970958015e+012
 -1.339106904547e+012  4.292969350001e+012
 -1.339112059570e+012  4.292967741980e+012
 -1.339117214592e+012  4.292966133952e+012
 -1.339122369612e+012  4.292964525919e+012
 -1.339127524630e+012  4.292962917879e+012
 -1.339132679646e+012  4.292961309833e+012
 -1.339137834659e+012  4.292959701780e+012
 -1.339142989671e+012  4.292958093722e+012
 -1.339148144681e+012  4.292956485656e+012
 -1.339153299689e+012  4.292954877585e+012
 -1.339158454695e+012  4.292953269507e+012
 -1.339163609699e+012  4.292951661423e+012
 -1.339168764701e+012  4.292950053333e+012
 -1.339173919701e+012  4.292948445236e+012
 -1.339179074699e+012  4.292946837133e+012
 -1.339184229696e+012  4.292945229024e+012
 -1.339189384690e+012  4.292943620908e+012
 -1.339194539682e+012  4.292942012786e+012
 -1.339199694672e+012  4.292940404658e+012
 -1.339204849660e+012  4.292938796524e+012
 -1.339210004647e+012  4.292937188383e+012
 -1.339215159631e+012  4.292935580236e+012
 -1.339220314614e+012  4.292933972082e+012
 -1.339225469594e+012  4.292932363923e+012
 -1.339230624572e+012  4.292930755756e+012
 -1.339235779549e+012  4.292929147584e+012
 -1.339240934523e+012  4.292927539405e+012
 -1.339246089496e+012  4.292925931220e+012
 -1.339251244466e+012  4.292924323029e+012
 -1.339256399435e+012  4.292922714831e+012
 -1.339261554402e+012  4.292921106627e+012
 -1.339266709366e+012  4.292919498417e+012
 -1.339271864329e+012  4.292917890201e+012
 -1.339277019290e+012  4.292916281978e+012
 -1.339282174249e+012  4.292914673749e+012
 -1.339287329205e+012  4.292913065513e+012
 -1.339292484160e+012  4.292911457271e+012
 -1.339297639113e+012  4.292909849023e+012
 -1.339302794064e+012  4.292908240769e+012
 -1.339307949013e+012  4.292906632508e+012
 -1.339313103960e+012  4.292905024241e+012
 -1.339318258905e+012  4.292903415968e+012
 -1.339323413848e+012  4.292901807688e+012
 -1.339328568789e+012  4.292900199402e+012
 -1.339333723728e+012  4.292898591110e+012
 -1.339338878665e+012  4.292896982811e+012
 -1.339344033600e+012  4.292895374506e+012
 -1.339349188534e+012  4.292893766195e+012
 -1.339354343465e+012  4.292892157878e+012
 -1.339359498394e+012  4.292890549554e+012
 -1.339364653321e+012  4.292888941224e+012
 -1.339369808247e+012  4.292887332887e+012
 -1.339374963170e+012  4.292885724544e+012
 -1.339380118091e+012  4.292884116195e+012
 -1.339385273011e+012  4.292882507840e+012
 -1.339390427928e+012  4.292880899478e+012
 -1.339395582844e+012  4.292879291110e+012
 -1.339400737757e+012  4.292877682736e+012
 -1.339405892669e+012  4.292876074355e+012
 -1.339411047578e+012  4.292874465968e+012
 -1.339416202486e+012  4.292872857575e+012
 -1.339421357392e+012  4.292871249176e+012
 -1.339426512295e+012  4.292869640770e+012
 -1.339431667197e+012  4.292868032358e+012
 -1.339436822097e+012  4.292866423939e+012
 -1.339441976995e+012  4.292864815514e+012
 -1.339447131890e+012  4.292863207083e+012
 -1.339452286784e+012  4.292861598646e+012
 -1.339457441676e+012  4.292859990202e+012
 -1.339462596566e+012  4.292858381752e+012
 -1.339467751454e+012  4.292856773296e+012
 -1.339472906340e+012  4.292855164833e+012
 -1.339478061224e+012  4.292853556364e+012
 -1.339483216106e+012  4.292851947889e+012
 -1.339488370986e+012  4.292850339407e+012
 -1.339493525864e+012  4.292848730919e+012
 -1.339498680740e+012  4.292847122425e+012
 -1.339503835614e+012  4.292845513925e+012
 -1.339508990487e+012  4.292843905418e+012
 -1.339514145357e+012  4.292842296905e+012
 -1.339519300225e+012  4.292840688385e+012
 -1.339524455091e+012  4.292839079859e+012
 -1.339529609956e+012  4.292837471327e+012
 -1.339534764818e+012  4.292835862789e+012
 -1.339539919678e+012  4.292834254244e+012
 -1.339545074537e+012  4.292832645693e+012
 -1.339550229393e+012  4.292831037136e+012
 -1.339555384248e+012  4.292829428572e+012
 -1.339560539100e+012  4.292827820003e+012
 -1.339565693951e+012  4.292826211426e+012
 -1.339570848799e+012  4.292824602844e+012
 -1.339576003646e+012  4.292822994255e+012
 -1.339581158491e+012  4.292821385660e+012
 -1.339586313333e+012  4.292819777058e+012
 -1.339591468174e+012  4.292818168450e+012
 -1.339596623013e+012  4.292816559836e+012
 -1.339601777850e+012  4.292814951216e+012
 -1.339606932684e+012  4.292813342589e+012
 -1.339612087517e+012  4.292811733956e+012
 -1.339617242348e+012  4.292810125317e+012
 -1.339622397177e+012  4.292808516671e+012
 -1.339627552004e+012  4.292806908019e+012
 -1.339632706829e+012  4.292805299361e+012
 -1.339637861652e+012  4.292803690696e+012
 -1.339643016473e+012  4.292802082026e+012
 -1.339648171292e+012  4.292800473348e+012
 -1.339653326109e+012  4.292798864665e+012
 -1.339658480924e+012  4.292797255975e+012
 -1.339663635737e+012  4.292795647279e+012
 -1.339668790549e+012  4.292794038577e+012
 -1.339673945358e+012  4.292792429868e+012
 -1.339679100165e+012  4.292790821153e+012
 -1.339684254970e+012  4.292789212431e+012
 -1.339689409774e+012  4.292787603704e+012
 -1.339694564575e+012  4.292785994970e+012
 -1.339699719374e+012  4.292784386229e+012
 -1.339704874172e+012  4.292782777483e+012
 -1.339710028967e+012  4.292781168730e+012
 -1.339715183761e+012  4.292779559971e+012
 -1.339720338552e+012  4.292777951205e+012
 -1.339725493342e+012  4.292776342433e+012
 -1.339730648129e+012  4.292774733655e+012
 -1.339735802915e+012  4.292773124871e+012
 -1.339740957699e+012  4.292771516080e+012
 -1.339746112480e+012  4.292769907283e+012
 -1.339751267260e+012  4.292768298479e+012
 -1.339756422038e+012  4.292766689670e+012
 -1.339761576813e+012  4.292765080854e+012
 -1.339766731587e+012  4.292763472031e+012
 -1.339771886359e+012  4.292761863203e+012
 -1.339777041129e+012  4.292760254368e+012
 -1.339782195897e+012  4.292758645527e+012
 -1.339787350663e+012  4.292757036679e+012
 -1.339792505427e+012  4.292755427825e+012
 -1.339797660189e+012  4.292753818965e+012
 -1.339802814949e+012  4.292752210098e+012
 -1.339807969707e+012  4.292750601226e+012
 -1.339813124463e+012  4.292748992347e+012
 -1.339818279217e+012  4.292747383461e+012
 -1.339823433969e+012  4.292745774569e+012
 -1.339828588719e+012  4.292744165671e+012
 -1.339833743467e+012  4.292742556767e+012
 -1.339838898214e+012  4.292740947856e+012
 -1.339844052958e+012  4.292739338939e+012
 -1.339849207700e+012  4.292737730016e+012
 -1.339854362441e+012  4.292736121087e+012
 -1.339859517179e+012  4.292734512151e+012
 -1.339864671915e+012  4.292732903208e+012
 -1.339869826650e+012  4.292731294260e+012
 -1.339874981382e+012  4.292729685305e+012
 -1.339880136113e+012  4.292728076344e+012
 -1.339885290841e+012  4.292726467376e+012
 -1.339890445568e+012  4.292724858403e+012
 -1.339895600292e+012  4.292723249423e+012
 -1.339900755015e+012  4.292721640436e+012
 -1.339905909736e+012  4.292720031444e+012
 -1.339911064454e+012  4.292718422445e+012
 -1.339916219171e+012  4.292716813439e+012
 -1.339921373886e+012  4.292715204428e+012
 -1.339926528599e+012  4.292713595410e+012
 -1.339931683310e+012  4.292711986385e+012
 -1.339936838018e+012  4.292710377355e+012
 -1.339941992725e+012  4.292708768318e+012
 -1.339947147430e+012  4.292707159275e+012
 -1.339952302133e+012  4.292705550225e+012
 -1.339957456834e+012  4.292703941170e+012
 -1.339962611533e+012  4.292702332108e+012
 -1.339967766230e+012  4.292700723039e+012
 -1.339972920925e+012  4.292699113964e+012
 -1.339978075618e+012  4.292697504883e+012
 -1.339983230309e+012  4.292695895796e+012
 -1.339988384999e+012  4.292694286702e+012
 -1.339993539686e+012  4.292692677602e+012
 -1.339998694371e+012  4.292691068496e+012
 -1.340003849054e+012  4.292689459384e+012
 -1.340009003735e+012  4.292687850265e+012
 -1.340014158415e+012  4.292686241139e+012
 -1.340019313092e+012  4.292684632008e+012
 -1.340024467768e+012  4.292683022870e+012
 -1.340029622441e+012  4.292681413726e+012
 -1.340034777112e+012  4.292679804576e+012
 -1.340039931782e+012  4.292678195419e+012
 -1.340045086449e+012  4.292676586256e+012
 -1.340050241115e+012  4.292674977086e+012
 -1.340055395778e+012  4.292673367911e+012
 -1.340060550440e+012  4.292671758729e+012
 -1.340065705100e+012  4.292670149540e+012
 -1.340070859757e+012  4.292668540346e+012
 -1.340076014413e+012  4.292666931145e+012
 -1.340081169067e+012  4.292665321938e+012
 -1.340086323719e+012  4.292663712724e+012
 -1.340091478368e+012  4.292662103504e+012
 -1.340096633016e+012  4.292660494278e+012
 -1.340101787662e+012  4.292658885046e+012
 -1.340106942306e+012  4.292657275807e+012
 -1.340112096948e+012  4.292655666562e+012
 -1.340117251588e+012  4.292654057310e+012
 -1.340122406226e+012  4.292652448053e+012
 -1.340127560862e+012  4.292650838789e+012
 -1.340132715496e+012  4.292649229518e+012
 -1.340137870128e+012  4.292647620242e+012
 -1.340143024758e+012  4.292646010959e+012
 -1.340148179386e+012  4.292644401670e+012
 -1.340153334012e+012  4.292642792374e+012
 -1.340158488636e+012  4.292641183072e+012
 -1.340163643259e+012  4.292639573764e+012
 -1.340168797879e+012  4.292637964450e+012
 -1.340173952497e+012  4.292636355129e+012
 -1.340179107114e+012  4.292634745802e+012
 -1.340184261728e+012  4.292633136468e+012
 -1.340189416340e+012  4.292631527128e+012
 -1.340194570951e+012  4.292629917782e+012
 -1.340199725559e+012  4.292628308430e+012
 -1.340204880166e+012  4.292626699071e+012
 -1.340210034770e+012  4.292625089706e+012
 -1.340215189373e+012  4.292623480335e+012
 -1.340220343973e+012  4.292621870958e+012
 -1.340225498572e+012  4.292620261574e+012
 -1.340230653168e+012  4.292618652183e+012
 -1.340235807763e+012  4.292617042787e+012
 -1.340240962356e+012  4.292615433384e+012
 -1.340246116947e+012  4.292613823975e+012
 -1.340251271535e+012  4.292612214560e+012
 -1.340256426122e+012  4.292610605138e+012
 -1.340261580707e+012  4.292608995710e+012
 -1.340266735290e+012  4.292607386275e+012
 -1.340271889871e+012  4.292605776835e+012
 -1.340277044450e+012  4.292604167388e+012
 -1.340282199026e+012  4.292602557934e+012
 -1.340287353601e+012  4.292600948475e+012
 -1.340292508174e+012  4.292599339009e+012
 -1.340297662746e+012  4.292597729537e+012
 -1.340302817315e+012  4.292596120058e+012
 -1.340307971882e+012  4.292594510573e+012
 -1.340313126447e+012  4.292592901082e+012
 -1.340318281010e+012  4.292591291585e+012
 -1.340323435571e+012  4.292589682081e+012
 -1.340328590130e+012  4.292588072571e+012
 -1.340333744688e+012  4.292586463054e+012
 -1.340338899243e+012  4.292584853532e+012
 -1.340344053796e+012  4.292583244003e+012
 -1.340349208348e+012  4.292581634467e+012
 -1.340354362897e+012  4.292580024926e+012
 -1.340359517444e+012  4.292578415378e+012
 -1.340364671990e+012  4.292576805823e+012
 -1.340369826533e+012  4.292575196263e+012
 -1.340374981075e+012  4.292573586696e+012
 -1.340380135614e+012  4.292571977123e+012
 -1.340385290152e+012  4.292570367543e+012
 -1.340390444687e+012  4.292568757957e+012
 -1.340395599221e+012  4.292567148365e+012
 -1.340400753753e+012  4.292565538767e+012
 -1.340405908282e+012  4.292563929162e+012
 -1.340411062810e+012  4.292562319551e+012
 -1.340416217336e+012  4.292560709934e+012
 -1.340421371860e+012  4.292559100310e+012
 -1.340426526382e+012  4.292557490680e+012
 -1.340431680901e+012  4.292555881044e+012
 -1.340436835419e+012  4.292554271401e+012
 -1.340441989935e+012  4.292552661752e+012
 -1.340447144449e+012  4.292551052097e+012
 -1.340452298961e+012  4.292549442436e+012
 -1.340457453471e+012  4.292547832768e+012
 -1.340462607979e+012  4.292546223094e+012
 -1.340467762485e+012  4.292544613413e+012
 -1.340472916989e+012  4.292543003726e+012
 -1.340478071491e+012  4.292541394033e+012
 -1.340483225991e+012  4.292539784334e+012
 -1.340488380490e+012  4.292538174628e+012
 -1.340493534986e+012  4.292536564916e+012
 -1.340498689480e+012  4.292534955198e+012
 -1.340503843972e+012  4.292533345473e+012
 -1.340508998463e+012  4.292531735742e+012
 -1.340514152951e+012  4.292530126005e+012
 -1.340519307437e+012  4.292528516262e+012
 -1.340524461922e+012  4.292526906512e+012
 -1.340529616404e+012  4.292525296756e+012
 -1.340534770885e+012  4.292523686993e+012
 -1.340539925363e+012  4.292522077224e+012
 -1.340545079840e+012  4.292520467449e+012
 -1.340550234314e+012  4.292518857668e+012
 -1.340555388787e+012  4.292517247880e+012
 -1.340560543257e+012  4.292515638086e+012
 -1.340565697726e+012  4.292514028286e+012
 -1.340570852193e+012  4.292512418479e+012
 -1.340576006657e+012  4.292510808666e+012
 -1.340581161120e+012  4.292509198847e+012
 -1.340586315581e+012  4.292507589021e+012
 -1.340591470040e+012  4.292505979189e+012
 -1.340596624497e+012  4.292504369351e+012
 -1.340601778951e+012  4.292502759507e+012
 -1.340606933404e+012  4.292501149656e+012
 -1.340612087855e+012  4.292499539799e+012
 -1.340617242304e+012  4.292497929935e+012
 -1.340622396751e+012  4.292496320066e+012
 -1.340627551196e+012  4.292494710190e+012
 -1.340632705639e+012  4.292493100307e+012
 -1.340637860080e+012  4.292491490418e+012
 -1.340643014519e+012  4.292489880524e+012
 -1.340648168957e+012  4.292488270622e+012
 -1.340653323392e+012  4.292486660715e+012
 -1.340658477825e+012  4.292485050801e+012
 -1.340663632256e+012  4.292483440881e+012
 -1.340668786685e+012  4.292481830954e+012
 -1.340673941113e+012  4.292480221021e+012
 -1.340679095538e+012  4.292478611082e+012
 -1.340684249961e+012  4.292477001137e+012
 -1.340689404383e+012  4.292475391185e+012
 -1.340694558802e+012  4.292473781227e+012
 -1.340699713220e+012  4.292472171262e+012
 -1.340704867635e+012  4.292470561292e+012
 -1.340710022048e+012  4.292468951315e+012
 -1.340715176460e+012  4.292467341331e+012
 -1.340720330870e+012  4.292465731342e+012
 -1.340725485277e+012  4.292464121346e+012
 -1.340730639683e+012  4.292462511344e+012
 -1.340735794086e+012  4.292460901335e+012
 -1.340740948488e+012  4.292459291320e+012
 -1.340746102888e+012  4.292457681299e+012
 -1.340751257286e+012  4.292456071271e+012
 -1.340756411681e+012  4.292454461238e+012
 -1.340761566075e+012  4.292452851198e+012
 -1.340766720467e+012  4.292451241151e+012
 -1.340771874857e+012  4.292449631098e+012
 -1.340777029245e+012  4.292448021039e+012
 -1.340782183631e+012  4.292446410974e+012
 -1.340787338015e+012  4.292444800902e+012
 -1.340792492397e+012  4.292443190824e+012
 -1.340797646777e+012  4.292441580740e+012
 -1.340802801155e+012  4.292439970650e+012
 -1.340807955531e+012  4.292438360553e+012
 -1.340813109905e+012  4.292436750450e+012
 -1.340818264277e+012  4.292435140340e+012
 -1.340823418647e+012  4.292433530224e+012
 -1.340828573015e+012  4.292431920102e+012
 -1.340833727382e+012  4.292430309974e+012
 -1.340838881746e+012  4.292428699839e+012
 -1.340844036108e+012  4.292427089698e+012
 -1.340849190468e+012  4.292425479551e+012
 -1.340854344827e+012  4.292423869397e+012
 -1.340859499183e+012  4.292422259237e+012
 -1.340864653538e+012  4.292420649071e+012
 -1.340869807890e+012  4.292419038898e+012
 -1.340874962240e+012  4.292417428719e+012
 -1.340880116589e+012  4.292415818534e+012
 -1.340885270936e+012  4.292414208342e+012
 -1.340890425280e+012  4.292412598145e+012
 -1.340895579623e+012  4.292410987940e+012
 -1.340900733963e+012  4.292409377730e+012
 -1.340905888302e+012  4.292407767513e+012
 -1.340911042639e+012  4.292406157290e+012
 -1.340916196973e+012  4.292404547061e+012
 -1.340921351306e+012  4.292402936825e+012
 -1.340926505637e+012  4.292401326583e+012
 -1.340931659966e+012  4.292399716335e+012
 -1.340936814292e+012  4.292398106080e+012
 -1.340941968617e+012  4.292396495819e+012
 -1.340947122940e+012  4.292394885552e+012
 -1.340952277261e+012  4.292393275278e+012
 -1.340957431580e+012  4.292391664999e+012
 -1.340962585897e+012  4.292390054712e+012
 -1.340967740212e+012  4.292388444420e+012
 -1.340972894525e+012  4.292386834121e+012
 -1.340978048836e+012  4.292385223816e+012
 -1.340983203145e+012  4.292383613505e+012
 -1.340988357452e+012  4.292382003187e+012
 -1.340993511758e+012  4.292380392863e+012
 -1.340998666061e+012  4.292378782533e+012
 -1.341003820362e+012  4.292377172196e+012
 -1.341008974661e+012  4.292375561853e+012
 -1.341014128959e+012  4.292373951504e+012
 -1.341019283254e+012  4.292372341148e+012
 -1.341024437547e+012  4.292370730786e+012
 -1.341029591839e+012  4.292369120418e+012
 -1.341034746128e+012  4.292367510044e+012
 -1.341039900415e+012  4.292365899663e+012
 -1.341045054701e+012  4.292364289276e+012
 -1.341050208984e+012  4.292362678882e+012
 -1.341055363266e+012  4.292361068483e+012
 -1.341060517545e+012  4.292359458076e+012
 -1.341065671823e+012  4.292357847664e+012
 -1.341070826099e+012  4.292356237245e+012
 -1.341075980372e+012  4.292354626820e+012
 -1.341081134644e+012  4.292353016389e+012
 -1.341086288914e+012  4.292351405952e+012
 -1.341091443181e+012  4.292349795508e+012
 -1.341096597447e+012  4.292348185058e+012
 -1.341101751711e+012  4.292346574601e+012
 -1.341106905973e+012  4.292344964138e+012
 -1.341112060233e+012  4.292343353669e+012
 -1.341117214491e+012  4.292341743194e+012
 -1.341122368746e+012  4.292340132712e+012
 -1.341127523000e+012  4.292338522224e+012
 -1.341132677252e+012  4.292336911729e+012
 -1.341137831502e+012  4.292335301229e+012
 -1.341142985750e+012  4.292333690722e+012
 -1.341148139996e+012  4.292332080208e+012
 -1.341153294241e+012  4.292330469689e+012
 -1.341158448483e+012  4.292328859163e+012
 -1.341163602723e+012  4.292327248631e+012
 -1.341168756961e+012  4.292325638092e+012
 -1.341173911197e+012  4.292324027547e+012
 -1.341179065431e+012  4.292322416996e+012
 -1.341184219664e+012  4.292320806439e+012
 -1.341189373894e+012  4.292319195875e+012
 -1.341194528122e+012  4.292317585305e+012
 -1.341199682349e+012  4.292315974728e+012
 -1.341204836573e+012  4.292314364146e+012
 -1.341209990795e+012  4.292312753557e+012
 -1.341215145016e+012  4.292311142961e+012
 -1.341220299234e+012  4.292309532360e+012
 -1.341225453451e+012  4.292307921752e+012
 -1.341230607665e+012  4.292306311138e+012
 -1.341235761878e+012  4.292304700517e+012
 -1.341240916089e+012  4.292303089890e+012
 -1.341246070297e+012  4.292301479257e+012
 -1.341251224504e+012  4.292299868617e+012
 -1.341256378709e+012  4.292298257972e+012
 -1.341261532911e+012  4.292296647320e+012
 -1.341266687112e+012  4.292295036661e+012
 -1.341271841311e+012  4.292293425996e+012
 -1.341276995508e+012  4.292291815325e+012
 -1.341282149702e+012  4.292290204648e+012
 -1.341287303895e+012  4.292288593964e+012
 -1.341292458086e+012  4.292286983274e+012
 -1.341297612275e+012  4.292285372578e+012
 -1.341302766462e+012  4.292283761876e+012
 -1.341307920647e+012  4.292282151167e+012
 -1.341313074830e+012  4.292280540451e+012
 -1.341318229011e+012  4.292278929730e+012
 -1.341323383190e+012  4.292277319002e+012
 -1.341328537367e+012  4.292275708268e+012
 -1.341333691542e+012  4.292274097528e+012
 -1.341338845716e+012  4.292272486781e+012
 -1.341343999887e+012  4.292270876028e+012
 -1.341349154056e+012  4.292269265268e+012
 -1.341354308223e+012  4.292267654503e+012
 -1.341359462388e+012  4.292266043731e+012
 -1.341364616552e+012  4.292264432952e+012
 -1.341369770713e+012  4.292262822168e+012
 -1.341374924872e+012  4.292261211377e+012
 -1.341380079030e+012  4.292259600580e+012
 -1.341385233185e+012  4.292257989776e+012
 -1.341390387339e+012  4.292256378966e+012
 -1.341395541490e+012  4.292254768150e+012
 -1.341400695640e+012  4.292253157328e+012
 -1.341405849787e+012  4.292251546499e+012
 -1.341411003933e+012  4.292249935664e+012
 -1.341416158076e+012  4.292248324823e+012
 -1.341421312218e+012  4.292246713975e+012
 -1.341426466358e+012  4.292245103121e+012
 -1.341431620495e+012  4.292243492261e+012
 -1.341436774631e+012  4.292241881394e+012
 -1.341441928765e+012  4.292240270521e+012
 -1.341447082897e+012  4.292238659642e+012
 -1.341452237027e+012  4.292237048756e+012
 -1.341457391154e+012  4.292235437864e+012
 -1.341462545280e+012  4.292233826966e+012
 -1.341467699404e+012  4.292232216062e+012
 -1.341472853526e+012  4.292230605151e+012
 -1.341478007646e+012  4.292228994234e+012
 -1.341483161764e+012  4.292227383310e+012
 -1.341488315880e+012  4.292225772381e+012
 -1.341493469994e+012  4.292224161445e+012
 -1.341498624106e+012  4.292222550502e+012
 -1.341503778216e+012  4.292220939554e+012
 -1.341508932324e+012  4.292219328599e+012
 -1.341514086430e+012  4.292217717638e+012
 -1.341519240535e+012  4.292216106670e+012
 -1.341524394637e+012  4.292214495696e+012
 -1.341529548737e+012  4.292212884716e+012
 -1.341534702835e+012  4.292211273729e+012
 -1.341539856932e+012  4.292209662737e+012
 -1.341545011026e+012  4.292208051737e+012
 -1.341550165118e+012  4.292206440732e+012
 -1.341555319209e+012  4.292204829720e+012
 -1.341560473297e+012  4.292203218702e+012
 -1.341565627384e+012  4.292201607678e+012
 -1.341570781468e+012  4.292199996647e+012
 -1.341575935551e+012  4.292198385610e+012
 -1.341581089631e+012  4.292196774567e+012
 -1.341586243710e+012  4.292195163517e+012
 -1.341591397786e+012  4.292193552462e+012
 -1.341596551861e+012  4.292191941399e+012
 -1.341601705934e+012  4.292190330331e+012
 -1.341606860004e+012  4.292188719256e+012
 -1.341612014073e+012  4.292187108175e+012
 -1.341617168140e+012  4.292185497087e+012
 -1.341622322205e+012  4.292183885994e+012
 -1.341627476267e+012  4.292182274894e+012
 -1.341632630328e+012  4.292180663787e+012
 -1.341637784387e+012  4.292179052675e+012
 -1.341642938444e+012  4.292177441556e+012
 -1.341648092499e+012  4.292175830430e+012
 -1.341653246552e+012  4.292174219299e+012
 -1.341658400603e+012  4.292172608161e+012
 -1.341663554652e+012  4.292170997017e+012
 -1.341668708699e+012  4.292169385866e+012
 -1.341673862744e+012  4.292167774709e+012
 -1.341679016787e+012  4.292166163546e+012
 -1.341684170828e+012  4.292164552377e+012
 -1.341689324867e+012  4.292162941201e+012
 -1.341694478904e+012  4.292161330019e+012
 -1.341699632940e+012  4.292159718830e+012
 -1.341704786973e+012  4.292158107636e+012
 -1.341709941004e+012  4.292156496435e+012
 -1.341715095033e+012  4.292154885227e+012
 -1.341720249061e+012  4.292153274014e+012
 -1.341725403086e+012  4.292151662794e+012
 -1.341730557109e+012  4.292150051568e+012
 -1.341735711131e+012  4.292148440335e+012
 -1.341740865150e+012  4.292146829096e+012
 -1.341746019168e+012  4.292145217851e+012
 -1.341751173183e+012  4.292143606600e+012
 -1.341756327197e+012  4.292141995342e+012
 -1.341761481208e+012  4.292140384078e+012
 -1.341766635218e+012  4.292138772807e+012
 -1.341771789226e+012  4.292137161531e+012
 -1.341776943231e+012  4.292135550248e+012
 -1.341782097235e+012  4.292133938958e+012
 -1.341787251237e+012  4.292132327663e+012
 -1.341792405236e+012  4.292130716361e+012
 -1.341797559234e+012  4.292129105052e+012
 -1.341802713230e+012  4.292127493738e+012
 -1.341807867224e+012  4.292125882417e+012
 -1.341813021216e+012  4.292124271090e+012
 -1.341818175205e+012  4.292122659756e+012
 -1.341823329193e+012  4.292121048416e+012
 -1.341828483179e+012  4.292119437070e+012
 -1.341833637163e+012  4.292117825718e+012
 -1.341838791145e+012  4.292116214359e+012
 -1.341843945125e+012  4.292114602994e+012
 -1.341849099103e+012  4.292112991623e+012
 -1.341854253079e+012  4.292111380245e+012
 -1.341859407053e+012  4.292109768861e+012
 -1.341864561026e+012  4.292108157471e+012
 -1.341869714996e+012  4.292106546074e+012
 -1.341874868964e+012  4.292104934671e+012
 -1.341880022930e+012  4.292103323262e+012
 -1.341885176894e+012  4.292101711847e+012
 -1.341890330857e+012  4.292100100425e+012
 -1.341895484817e+012  4.292098488997e+012
 -1.341900638775e+012  4.292096877562e+012
 -1.341905792732e+012  4.292095266122e+012
 -1.341910946686e+012  4.292093654675e+012
 -1.341916100638e+012  4.292092043221e+012
 -1.341921254589e+012  4.292090431762e+012
 -1.341926408537e+012  4.292088820296e+012
 -1.341931562484e+012  4.292087208823e+012
 -1.341936716428e+012  4.292085597345e+012
 -1.341941870371e+012  4.292083985860e+012
 -1.341947024312e+012  4.292082374369e+012
 -1.341952178250e+012  4.292080762871e+012
 -1.341957332187e+012  4.292079151367e+012
 -1.341962486122e+012  4.292077539857e+012
 -1.341967640054e+012  4.292075928341e+012
 -1.341972793985e+012  4.292074316818e+012
 -1.341977947914e+012  4.292072705289e+012
 -1.341983101841e+012  4.292071093753e+012
 -1.341988255765e+012  4.292069482212e+012
 -1.341993409688e+012  4.292067870664e+012
 -1.341998563609e+012  4.292066259109e+012
 -1.342003717528e+012  4.292064647549e+012
 -1.342008871445e+012  4.292063035982e+012
 -1.342014025360e+012  4.292061424409e+012
 -1.342019179273e+012  4.292059812829e+012
 -1.342024333184e+012  4.292058201243e+012
 -1.342029487093e+012  4.292056589651e+012
 -1.342034641000e+012  4.292054978053e+012
 -1.342039794905e+012  4.292053366448e+012
 -1.342044948808e+012  4.292051754837e+012
 -1.342050102709e+012  4.292050143219e+012
 -1.342055256609e+012  4.292048531596e+012
 -1.342060410506e+012  4.292046919966e+012
 -1.342065564401e+012  4.292045308329e+012
 -1.342070718294e+012  4.292043696687e+012
 -1.342075872186e+012  4.292042085038e+012
 -1.342081026075e+012  4.292040473383e+012
 -1.342086179962e+012  4.292038861721e+012
 -1.342091333848e+012  4.292037250053e+012
 -1.342096487731e+012  4.292035638379e+012
 -1.342101641613e+012  4.292034026698e+012
 -1.342106795492e+012  4.292032415012e+012
 -1.342111949370e+012  4.292030803319e+012
 -1.342117103245e+012  4.292029191619e+012
 -1.342122257119e+012  4.292027579913e+012
 -1.342127410990e+012  4.292025968201e+012
 -1.342132564860e+012  4.292024356483e+012
 -1.342137718728e+012  4.292022744758e+012
 -1.342142872593e+012  4.292021133027e+012
 -1.342148026457e+012  4.292019521290e+012
 -1.342153180319e+012  4.292017909547e+012
 -1.342158334178e+012  4.292016297797e+012
 -1.342163488036e+012  4.292014686041e+012
 -1.342168641892e+012  4.292013074278e+012
 -1.342173795746e+012  4.292011462509e+012
 -1.342178949598e+012  4.292009850734e+012
 -1.342184103448e+012  4.292008238953e+012
 -1.342189257296e+012  4.292006627165e+012
 -1.342194411142e+012  4.292005015371e+012
 -1.342199564986e+012  4.292003403571e+012
 -1.342204718828e+012  4.292001791764e+012
 -1.342209872668e+012  4.292000179951e+012
 -1.342215026506e+012  4.291998568132e+012
 -1.342220180342e+012  4.291996956306e+012
 -1.342225334176e+012  4.291995344474e+012
 -1.342230488008e+012  4.291993732636e+012
 -1.342235641838e+012  4.291992120791e+012
 -1.342240795666e+012  4.291990508941e+012
 -1.342245949493e+012  4.291988897084e+012
 -1.342251103317e+012  4.291987285220e+012
 -1.342256257139e+012  4.291985673350e+012
 -1.342261410960e+012  4.291984061474e+012
 -1.342266564778e+012  4.291982449592e+012
 -1.342271718594e+012  4.291980837703e+012
 -1.342276872409e+012  4.291979225808e+012
 -1.342282026221e+012  4.291977613907e+012
 -1.342287180032e+012  4.291976001999e+012
 -1.342292333840e+012  4.291974390085e+012
 -1.342297487647e+012  4.291972778165e+012
 -1.342302641451e+012  4.291971166239e+012
 -1.342307795254e+012  4.291969554306e+012
 -1.342312949054e+012  4.291967942367e+012
 -1.342318102853e+012  4.291966330421e+012
 -1.342323256650e+012  4.291964718470e+012
 -1.342328410444e+012  4.291963106511e+012
 -1.342333564237e+012  4.291961494547e+012
 -1.342338718028e+012  4.291959882576e+012
 -1.342343871817e+012  4.291958270599e+012
 -1.342349025603e+012  4.291956658616e+012
 -1.342354179388e+012  4.291955046626e+012
 -1.342359333171e+012  4.291953434631e+012
 -1.342364486952e+012  4.291951822628e+012
 -1.342369640731e+012  4.291950210620e+012
 -1.342374794508e+012  4.291948598605e+012
 -1.342379948283e+012  4.291946986584e+012
 -1.342385102056e+012  4.291945374556e+012
 -1.342390255827e+012  4.291943762523e+012
 -1.342395409596e+012  4.291942150482e+012
 -1.342400563363e+012  4.291940538436e+012
 -1.342405717128e+012  4.291938926383e+012
 -1.342410870891e+012  4.291937314324e+012
 -1.342416024652e+012  4.291935702259e+012
 -1.342421178412e+012  4.291934090187e+012
 -1.342426332169e+012  4.291932478109e+012
 -1.342431485924e+012  4.291930866025e+012
 -1.342436639677e+012  4.291929253935e+012
 -1.342441793429e+012  4.291927641838e+012
 -1.342446947178e+012  4.291926029735e+012
 -1.342452100925e+012  4.291924417625e+012
 -1.342457254671e+012  4.291922805509e+012
 -1.342462408414e+012  4.291921193387e+012
 -1.342467562156e+012  4.291919581259e+012
 -1.342472715895e+012  4.291917969124e+012
 -1.342477869633e+012  4.291916356983e+012
 -1.342483023368e+012  4.291914744836e+012
 -1.342488177102e+012  4.291913132682e+012
 -1.342493330833e+012  4.291911520522e+012
 -1.342498484563e+012  4.291909908356e+012
 -1.342503638291e+012  4.291908296183e+012
 -1.342508792016e+012  4.291906684004e+012
 -1.342513945740e+012  4.291905071819e+012
 -1.342519099462e+012  4.291903459628e+012
 -1.342524253181e+012  4.291901847430e+012
 -1.342529406899e+012  4.291900235226e+012
 -1.342534560615e+012  4.291898623015e+012
 -1.342539714329e+012  4.291897010799e+012
 -1.342544868041e+012  4.291895398576e+012
 -1.342550021751e+012  4.291893786346e+012
 -1.342555175458e+012  4.291892174111e+012
 -1.342560329164e+012  4.291890561869e+012
 -1.342565482868e+012  4.291888949620e+012
 -1.342570636570e+012  4.291887337366e+012
 -1.342575790270e+012  4.291885725105e+012
 -1.342580943968e+012  4.291884112838e+012
 -1.342586097665e+012  4.291882500564e+012
 -1.342591251359e+012  4.291880888284e+012
 -1.342596405051e+012  4.291879275998e+012
 -1.342601558741e+012  4.291877663706e+012
 -1.342606712429e+012  4.291876051407e+012
 -1.342611866115e+012  4.291874439102e+012
 -1.342617019800e+012  4.291872826791e+012
 -1.342622173482e+012  4.291871214473e+012
 -1.342627327162e+012  4.291869602149e+012
 -1.342632480841e+012  4.291867989819e+012
 -1.342637634517e+012  4.291866377482e+012
 -1.342642788191e+012  4.291864765139e+012
 -1.342647941864e+012  4.291863152790e+012
 -1.342653095534e+012  4.291861540435e+012
 -1.342658249203e+012  4.291859928073e+012
 -1.342663402869e+012  4.291858315705e+012
 -1.342668556534e+012  4.291856703330e+012
 -1.342673710196e+012  4.291855090949e+012
 -1.342678863857e+012  4.291853478562e+012
 -1.342684017515e+012  4.291851866169e+012
 -1.342689171172e+012  4.291850253769e+012
 -1.342694324827e+012  4.291848641363e+012
 -1.342699478479e+012  4.291847028951e+012
 -1.342704632130e+012  4.291845416532e+012
 -1.342709785779e+012  4.291843804108e+012
 -1.342714939426e+012  4.291842191676e+012
 -1.342720093070e+012  4.291840579239e+012
 -1.342725246713e+012  4.291838966795e+012
 -1.342730400354e+012  4.291837354345e+012
 -1.342735553993e+012  4.291835741888e+012
 -1.342740707630e+012  4.291834129426e+012
 -1.342745861265e+012  4.291832516957e+012
 -1.342751014898e+012  4.291830904481e+012
 -1.342756168529e+012  4.291829291999e+012
 -1.342761322158e+012  4.291827679511e+012
 -1.342766475785e+012  4.291826067017e+012
 -1.342771629410e+012  4.291824454517e+012
 -1.342776783033e+012  4.291822842010e+012
 -1.342781936654e+012  4.291821229496e+012
 -1.342787090273e+012  4.291819616977e+012
 -1.342792243891e+012  4.291818004451e+012
 -1.342797397506e+012  4.291816391919e+012
 -1.342802551119e+012  4.291814779380e+012
 -1.342807704730e+012  4.291813166836e+012
 -1.342812858340e+012  4.291811554285e+012
 -1.342818011947e+012  4.291809941727e+012
 -1.342823165552e+012  4.291808329163e+012
 -1.342828319156e+012  4.291806716593e+012
 -1.342833472757e+012  4.291805104017e+012
 -1.342838626357e+012  4.291803491434e+012
 -1.342843779954e+012  4.291801878846e+012
 -1.342848933549e+012  4.291800266250e+012
 -1.342854087143e+012  4.291798653649e+012
 -1.342859240735e+012  4.291797041041e+012
 -1.342864394324e+012  4.291795428427e+012
 -1.342869547912e+012  4.291793815806e+012
 -1.342874701497e+012  4.291792203179e+012
 -1.342879855081e+012  4.291790590546e+012
 -1.342885008663e+012  4.291788977907e+012
 -1.342890162242e+012  4.291787365261e+012
 -1.342895315820e+012  4.291785752609e+012
 -1.342900469396e+012  4.291784139951e+012
 -1.342905622970e+012  4.291782527286e+012
 -1.342910776541e+012  4.291780914615e+012
 -1.342915930111e+012  4.291779301938e+012
 -1.342921083679e+012  4.291777689254e+012
 -1.342926237245e+012  4.291776076565e+012
 -1.342931390809e+012  4.291774463868e+012
 -1.342936544371e+012  4.291772851166e+012
 -1.342941697931e+012  4.291771238457e+012
 -1.342946851489e+012  4.291769625742e+012
 -1.342952005045e+012  4.291768013021e+012
 -1.342957158599e+012  4.291766400293e+012
 -1.342962312151e+012  4.291764787559e+012
 -1.342967465701e+012  4.291763174819e+012
 -1.342972619249e+012  4.291761562072e+012
 -1.342977772796e+012  4.291759949319e+012
 -1.342982926340e+012  4.291758336560e+012
 -1.342988079882e+012  4.291756723794e+012
 -1.342993233422e+012  4.291755111022e+012
 -1.342998386961e+012  4.291753498244e+012
 -1.343003540497e+012  4.291751885460e+012
 -1.343008694031e+012  4.291750272669e+012
 -1.343013847564e+012  4.291748659872e+012
 -1.343019001094e+012  4.291747047068e+012
 -1.343024154622e+012  4.291745434258e+012
 -1.343029308149e+012  4.291743821442e+012
 -1.343034461673e+012  4.291742208620e+012
 -1.343039615196e+012  4.291740595791e+012
 -1.343044768716e+012  4.291738982956e+012
 -1.343049922235e+012  4.291737370115e+012
 -1.343055075751e+012  4.291735757268e+012
 -1.343060229266e+012  4.291734144414e+012
 -1.343065382779e+012  4.291732531553e+012
 -1.343070536289e+012  4.291730918687e+012
 -1.343075689798e+012  4.291729305814e+012
 -1.343080843305e+012  4.291727692935e+012
 -1.343085996809e+012  4.291726080050e+012
 -1.343091150312e+012  4.291724467158e+012
 -1.343096303813e+012  4.291722854260e+012
 -1.343101457312e+012  4.291721241355e+012
 -1.343106610809e+012  4.291719628445e+012
 -1.343111764303e+012  4.291718015528e+012
 -1.343116917796e+012  4.291716402605e+012
 -1.343122071287e+012  4.291714789675e+012
 -1.343127224776e+012  4.291713176739e+012
 -1.343132378263e+012  4.291711563797e+012
 -1.343137531748e+012  4.291709950848e+012
 -1.343142685231e+012  4.291708337893e+012
 -1.343147838712e+012  4.291706724932e+012
 -1.343152992191e+012  4.291705111965e+012
 -1.343158145669e+012  4.291703498991e+012
 -1.343163299144e+012  4.291701886011e+012
 -1.343168452617e+012  4.291700273025e+012
 -1.343173606088e+012  4.291698660032e+012
 -1.343178759557e+012  4.291697047033e+012
 -1.343183913025e+012  4.291695434028e+012
 -1.343189066490e+012  4.291693821016e+012
 -1.343194219953e+012  4.291692207998e+012
 -1.343199373414e+012  4.291690594974e+012
 -1.343204526874e+012  4.291688981944e+012
 -1.343209680331e+012  4.291687368907e+012
 -1.343214833787e+012  4.291685755864e+012
 -1.343219987240e+012  4.291684142814e+012
 -1.343225140691e+012  4.291682529758e+012
 -1.343230294141e+012  4.291680916696e+012
 -1.343235447588e+012  4.291679303628e+012
 -1.343240601034e+012  4.291677690553e+012
 -1.343245754478e+012  4.291676077472e+012
 -1.343250907919e+012  4.291674464385e+012
 -1.343256061359e+012  4.291672851291e+012
 -1.343261214796e+012  4.291671238191e+012
 -1.343266368232e+012  4.291669625085e+012
 -1.343271521666e+012  4.291668011973e+012
 -1.343276675098e+012  4.291666398854e+012
 -1.343281828527e+012  4.291664785729e+012
 -1.343286981955e+012  4.291663172597e+012
 -1.343292135381e+012  4.291661559459e+012
 -1.343297288805e+012  4.291659946315e+012
 -1.343302442227e+012  4.291658333165e+012
 -1.343307595647e+012  4.291656720008e+012
 -1.343312749064e+012  4.291655106845e+012
 -1.343317902480e+012  4.291653493676e+012
 -1.343323055894e+012  4.291651880500e+012
 -1.343328209306e+012  4.291650267318e+012
 -1.343333362716e+012  4.291648654130e+012
 -1.343338516124e+012  4.291647040936e+012
 -1.343343669531e+012  4.291645427735e+012
 -1.343348822935e+012  4.291643814528e+012
 -1.343353976337e+012  4.291642201314e+012
 -1.343359129737e+012  4.291640588094e+012
 -1.343364283135e+012  4.291638974868e+012
 -1.343369436531e+012  4.291637361636e+012
 -1.343374589926e+012  4.291635748397e+012
 -1.343379743318e+012  4.291634135152e+012
 -1.343384896708e+012  4.291632521901e+012
 -1.343390050096e+012  4.291630908643e+012
 -1.343395203483e+012  4.291629295379e+012
 -1.343400356867e+012  4.291627682109e+012
 -1.343405510250e+012  4.291626068833e+012
 -1.343410663630e+012  4.291624455550e+012
 -1.343415817008e+012  4.291622842261e+012
 -1.343420970385e+012  4.291621228965e+012
 -1.343426123759e+012  4.291619615663e+012
 -1.343431277132e+012  4.291618002355e+012
 -1.343436430502e+012  4.291616389041e+012
 -1.343441583871e+012  4.291614775720e+012
 -1.343446737238e+012  4.291613162393e+012
 -1.343451890602e+012  4.291611549060e+012
 -1.343457043965e+012  4.291609935720e+012
 -1.343462197326e+012  4.291608322374e+012
 -1.343467350684e+012  4.291606709022e+012
 -1.343472504041e+012  4.291605095663e+012
 -1.343477657396e+012  4.291603482298e+012
 -1.343482810749e+012  4.291601868927e+012
 -1.343487964099e+012  4.291600255550e+012
 -1.343493117448e+012  4.291598642166e+012
 -1.343498270795e+012  4.291597028776e+012
 -1.343503424140e+012  4.291595415380e+012
 -1.343508577483e+012  4.291593801977e+012
 -1.343513730824e+012  4.291592188568e+012
 -1.343518884163e+012  4.291590575152e+012
 -1.343524037500e+012  4.291588961731e+012
 -1.343529190835e+012  4.291587348303e+012
 -1.343534344168e+012  4.291585734869e+012
 -1.343539497499e+012  4.291584121428e+012
 -1.343544650828e+012  4.291582507981e+012
 -1.343549804155e+012  4.291580894528e+012
 -1.343554957480e+012  4.291579281068e+012
 -1.343560110804e+012  4.291577667603e+012
 -1.343565264125e+012  4.291576054131e+012
 -1.343570417444e+012  4.291574440652e+012
 -1.343575570761e+012  4.291572827167e+012
 -1.343580724077e+012  4.291571213676e+012
 -1.343585877390e+012  4.291569600179e+012
 -1.343591030701e+012  4.291567986675e+012
 -1.343596184011e+012  4.291566373165e+012
 -1.343601337318e+012  4.291564759649e+012
 -1.343606490624e+012  4.291563146127e+012
 -1.343611643927e+012  4.291561532598e+012
 -1.343616797228e+012  4.291559919063e+012
 -1.343621950528e+012  4.291558305521e+012
 -1.343627103825e+012  4.291556691973e+012
 -1.343632257121e+012  4.291555078419e+012
 -1.343637410415e+012  4.291553464859e+012
 -1.343642563706e+012  4.291551851292e+012
 -1.343647716996e+012  4.291550237719e+012
 -1.343652870284e+012  4.291548624140e+012
 -1.343658023569e+012  4.291547010554e+012
 -1.343663176853e+012  4.291545396962e+012
 -1.343668330135e+012  4.291543783364e+012
 -1.343673483414e+012  4.291542169759e+012
 -1.343678636692e+012  4.291540556148e+012
 -1.343683789968e+012  4.291538942531e+012
 -1.343688943242e+012  4.291537328908e+012
 -1.343694096514e+012  4.291535715278e+012
 -1.343699249784e+012  4.291534101642e+012
 -1.343704403052e+012  4.291532487999e+012
 -1.343709556317e+012  4.291530874351e+012
 -1.343714709581e+012  4.291529260696e+012
 -1.343719862843e+012  4.291527647034e+012
 -1.343725016103e+012  4.291526033366e+012
 -1.343730169362e+012  4.291524419693e+012
 -1.343735322618e+012  4.291522806012e+012
 -1.343740475872e+012  4.291521192326e+012
 -1.343745629124e+012  4.291519578633e+012
 -1.343750782374e+012  4.291517964934e+012
 -1.343755935622e+012  4.291516351228e+012
 -1.343761088868e+012  4.291514737516e+012
 -1.343766242113e+012  4.291513123798e+012
 -1.343771395355e+012  4.291511510074e+012
 -1.343776548595e+012  4.291509896343e+012
 -1.343781701833e+012  4.291508282606e+012
 -1.343786855070e+012  4.291506668863e+012
 -1.343792008304e+012  4.291505055113e+012
 -1.343797161537e+012  4.291503441357e+012
 -1.343802314767e+012  4.291501827595e+012
 -1.343807467995e+012  4.291500213826e+012
 -1.343812621222e+012  4.291498600051e+012
 -1.343817774446e+012  4.291496986270e+012
 -1.343822927669e+012  4.291495372482e+012
 -1.343828080889e+012  4.291493758689e+012
 -1.343833234108e+012  4.291492144889e+012
 -1.343838387325e+012  4.291490531082e+012
 -1.343843540539e+012  4.291488917269e+012
 -1.343848693752e+012  4.291487303450e+012
 -1.343853846963e+012  4.291485689625e+012
 -1.343859000171e+012  4.291484075793e+012
 -1.343864153378e+012  4.291482461955e+012
 -1.343869306583e+012  4.291480848111e+012
 -1.343874459785e+012  4.291479234260e+012
 -1.343879612986e+012  4.291477620404e+012
 -1.343884766185e+012  4.291476006540e+012
 -1.343889919382e+012  4.291474392671e+012
 -1.343895072577e+012  4.291472778795e+012
 -1.343900225770e+012  4.291471164913e+012
 -1.343905378961e+012  4.291469551024e+012
 -1.343910532150e+012  4.291467937130e+012
 -1.343915685337e+012  4.291466323229e+012
 -1.343920838522e+012  4.291464709321e+012
 -1.343925991705e+012  4.291463095408e+012
 -1.343931144886e+012  4.291461481488e+012
 -1.343936298065e+012  4.291459867561e+012
 -1.343941451242e+012  4.291458253629e+012
 -1.343946604417e+012  4.291456639690e+012
 -1.343951757590e+012  4.291455025745e+012
 -1.343956910761e+012  4.291453411793e+012
 -1.343962063931e+012  4.291451797835e+012
 -1.343967217098e+012  4.291450183871e+012
 -1.343972370263e+012  4.291448569901e+012
 -1.343977523426e+012  4.291446955924e+012
 -1.343982676588e+012  4.291445341941e+012
 -1.343987829747e+012  4.291443727951e+012
 -1.343992982904e+012  4.291442113956e+012
 -1.343998136060e+012  4.291440499954e+012
 -1.344003289213e+012  4.291438885945e+012
 -1.344008442365e+012  4.291437271931e+012
 -1.344013595514e+012  4.291435657910e+012
