 -8.745721073977e+010  5.913041264663e+012
 -8.746191022571e+010  5.913041195151e+012
 -8.746660971160e+010  5.913041125636e+012
 -8.747130919743e+010  5.913041056116e+012
 -8.747600868320e+010  5.913040986593e+012
 -8.748070816893e+010  5.913040917065e+012
 -8.748540765459e+010  5.913040847534e+012
 -8.749010714020e+010  5.913040777999e+012
 -8.749480662576e+010  5.913040708461e+012
 -8.749950611126e+010  5.913040638918e+012
 -8.750420559671e+010  5.913040569372e+012
 -8.750890508210e+010  5.913040499822e+012
 -8.751360456743e+010  5.913040430268e+012
 -8.751830405271e+010  5.913040360710e+012
 -8.752300353794e+010  5.913040291148e+012
 -8.752770302311e+010  5.913040221583e+012
 -8.753240250823e+010  5.913040152013e+012
 -8.753710199329e+010  5.913040082440e+012
 -8.754180147829e+010  5.913040012863e+012
 -8.754650096324e+010  5.913039943282e+012
 -8.755120044814e+010  5.913039873698e+012
 -8.755589993298e+010  5.913039804109e+012
 -8.756059941776e+010  5.913039734517e+012
 -8.756529890249e+010  5.913039664921e+012
 -8.756999838716e+010  5.913039595321e+012
 -8.757469787178e+010  5.913039525718e+012
 -8.757939735635e+010  5.913039456110e+012
 -8.758409684086e+010  5.913039386499e+012
 -8.758879632531e+010  5.913039316884e+012
 -8.759349580971e+010  5.913039247265e+012
 -8.759819529405e+010  5.913039177642e+012
 -8.760289477834e+010  5.913039108015e+012
 -8.760759426257e+010  5.913039038385e+012
 -8.761229374675e+010  5.913038968750e+012
 -8.761699323088e+010  5.913038899112e+012
 -8.762169271494e+010  5.913038829470e+012
 -8.762639219896e+010  5.913038759825e+012
 -8.763109168291e+010  5.913038690175e+012
 -8.763579116682e+010  5.913038620522e+012
 -8.764049065066e+010  5.913038550864e+012
 -8.764519013445e+010  5.913038481203e+012
 -8.764988961819e+010  5.913038411539e+012
 -8.765458910187e+010  5.913038341870e+012
 -8.765928858550e+010  5.913038272197e+012
 -8.766398806907e+010  5.913038202521e+012
 -8.766868755259e+010  5.913038132841e+012
 -8.767338703605e+010  5.913038063157e+012
 -8.767808651945e+010  5.913037993469e+012
 -8.768278600280e+010  5.913037923777e+012
 -8.768748548610e+010  5.913037854082e+012
 -8.769218496934e+010  5.913037784383e+012
 -8.769688445252e+010  5.913037714680e+012
 -8.770158393565e+010  5.913037644973e+012
 -8.770628341873e+010  5.913037575262e+012
 -8.771098290174e+010  5.913037505547e+012
 -8.771568238471e+010  5.913037435829e+012
 -8.772038186762e+010  5.913037366107e+012
 -8.772508135047e+010  5.913037296381e+012
 -8.772978083327e+010  5.913037226651e+012
 -8.773448031601e+010  5.913037156917e+012
 -8.773917979870e+010  5.913037087180e+012
 -8.774387928133e+010  5.913037017439e+012
 -8.774857876391e+010  5.913036947693e+012
 -8.775327824643e+010  5.913036877944e+012
 -8.775797772890e+010  5.913036808192e+012
 -8.776267721131e+010  5.913036738435e+012
 -8.776737669366e+010  5.913036668675e+012
 -8.777207617597e+010  5.913036598910e+012
 -8.777677565821e+010  5.913036529142e+012
 -8.778147514040e+010  5.913036459370e+012
 -8.778617462254e+010  5.913036389595e+012
 -8.779087410462e+010  5.913036319815e+012
 -8.779557358664e+010  5.913036250032e+012
 -8.780027306861e+010  5.913036180245e+012
 -8.780497255052e+010  5.913036110454e+012
 -8.780967203238e+010  5.913036040659e+012
 -8.781437151419e+010  5.913035970860e+012
 -8.781907099593e+010  5.913035901058e+012
 -8.782377047763e+010  5.913035831251e+012
 -8.782846995926e+010  5.913035761441e+012
 -8.783316944085e+010  5.913035691627e+012
 -8.783786892237e+010  5.913035621810e+012
 -8.784256840384e+010  5.913035551988e+012
 -8.784726788526e+010  5.913035482163e+012
 -8.785196736662e+010  5.913035412333e+012
 -8.785666684793e+010  5.913035342500e+012
 -8.786136632918e+010  5.913035272663e+012
 -8.786606581037e+010  5.913035202823e+012
 -8.787076529151e+010  5.913035132978e+012
 -8.787546477260e+010  5.913035063130e+012
 -8.788016425363e+010  5.913034993278e+012
 -8.788486373460e+010  5.913034923422e+012
 -8.788956321552e+010  5.913034853562e+012
 -8.789426269638e+010  5.913034783698e+012
 -8.789896217719e+010  5.913034713831e+012
 -8.790366165794e+010  5.913034643959e+012
 -8.790836113864e+010  5.913034574084e+012
 -8.791306061928e+010  5.913034504205e+012
 -8.791776009986e+010  5.913034434323e+012
 -8.792245958040e+010  5.913034364436e+012
 -8.792715906087e+010  5.913034294546e+012
 -8.793185854129e+010  5.913034224651e+012
 -8.793655802166e+010  5.913034154753e+012
 -8.794125750197e+010  5.913034084852e+012
 -8.794595698222e+010  5.913034014946e+012
 -8.795065646242e+010  5.913033945036e+012
 -8.795535594256e+010  5.913033875123e+012
 -8.796005542265e+010  5.913033805206e+012
 -8.796475490268e+010  5.913033735285e+012
 -8.796945438266e+010  5.913033665360e+012
 -8.797415386258e+010  5.913033595431e+012
 -8.797885334245e+010  5.913033525499e+012
 -8.798355282226e+010  5.913033455563e+012
 -8.798825230201e+010  5.913033385623e+012
 -8.799295178171e+010  5.913033315679e+012
 -8.799765126136e+010  5.913033245731e+012
 -8.800235074095e+010  5.913033175779e+012
 -8.800705022048e+010  5.913033105824e+012
 -8.801174969996e+010  5.913033035865e+012
 -8.801644917938e+010  5.913032965902e+012
 -8.802114865875e+010  5.913032895935e+012
 -8.802584813806e+010  5.913032825964e+012
 -8.803054761732e+010  5.913032755990e+012
 -8.803524709652e+010  5.913032686012e+012
 -8.803994657567e+010  5.913032616029e+012
 -8.804464605476e+010  5.913032546043e+012
 -8.804934553379e+010  5.913032476054e+012
 -8.805404501277e+010  5.913032406060e+012
 -8.805874449169e+010  5.913032336063e+012
 -8.806344397056e+010  5.913032266061e+012
 -8.806814344938e+010  5.913032196056e+012
 -8.807284292813e+010  5.913032126047e+012
 -8.807754240684e+010  5.913032056035e+012
 -8.808224188548e+010  5.913031986018e+012
 -8.808694136407e+010  5.913031915998e+012
 -8.809164084261e+010  5.913031845974e+012
 -8.809634032109e+010  5.913031775946e+012
 -8.810103979952e+010  5.913031705914e+012
 -8.810573927788e+010  5.913031635878e+012
 -8.811043875620e+010  5.913031565839e+012
 -8.811513823446e+010  5.913031495795e+012
 -8.811983771266e+010  5.913031425748e+012
 -8.812453719081e+010  5.913031355697e+012
 -8.812923666890e+010  5.913031285642e+012
 -8.813393614694e+010  5.913031215584e+012
 -8.813863562492e+010  5.913031145521e+012
 -8.814333510284e+010  5.913031075455e+012
 -8.814803458071e+010  5.913031005385e+012
 -8.815273405853e+010  5.913030935311e+012
 -8.815743353629e+010  5.913030865234e+012
 -8.816213301399e+010  5.913030795152e+012
 -8.816683249164e+010  5.913030725067e+012
 -8.817153196923e+010  5.913030654978e+012
 -8.817623144677e+010  5.913030584885e+012
 -8.818093092425e+010  5.913030514788e+012
 -8.818563040167e+010  5.913030444687e+012
 -8.819032987904e+010  5.913030374583e+012
 -8.819502935636e+010  5.913030304474e+012
 -8.819972883362e+010  5.913030234362e+012
 -8.820442831082e+010  5.913030164246e+012
 -8.820912778797e+010  5.913030094127e+012
 -8.821382726506e+010  5.913030024003e+012
 -8.821852674210e+010  5.913029953876e+012
 -8.822322621908e+010  5.913029883744e+012
 -8.822792569601e+010  5.913029813609e+012
 -8.823262517288e+010  5.913029743470e+012
 -8.823732464969e+010  5.913029673328e+012
 -8.824202412645e+010  5.913029603181e+012
 -8.824672360315e+010  5.913029533031e+012
 -8.825142307980e+010  5.913029462877e+012
 -8.825612255640e+010  5.913029392719e+012
 -8.826082203293e+010  5.913029322557e+012
 -8.826552150941e+010  5.913029252391e+012
 -8.827022098584e+010  5.913029182222e+012
 -8.827492046221e+010  5.913029112049e+012
 -8.827961993852e+010  5.913029041872e+012
 -8.828431941478e+010  5.913028971691e+012
 -8.828901889099e+010  5.913028901506e+012
 -8.829371836713e+010  5.913028831317e+012
 -8.829841784323e+010  5.913028761125e+012
 -8.830311731926e+010  5.913028690929e+012
 -8.830781679524e+010  5.913028620729e+012
 -8.831251627117e+010  5.913028550525e+012
 -8.831721574704e+010  5.913028480317e+012
 -8.832191522285e+010  5.913028410106e+012
 -8.832661469861e+010  5.913028339890e+012
 -8.833131417431e+010  5.913028269671e+012
 -8.833601364996e+010  5.913028199448e+012
 -8.834071312555e+010  5.913028129221e+012
 -8.834541260109e+010  5.913028058991e+012
 -8.835011207657e+010  5.913027988756e+012
 -8.835481155199e+010  5.913027918518e+012
 -8.835951102736e+010  5.913027848276e+012
 -8.836421050268e+010  5.913027778030e+012
 -8.836890997793e+010  5.913027707780e+012
 -8.837360945314e+010  5.913027637527e+012
 -8.837830892828e+010  5.913027567270e+012
 -8.838300840337e+010  5.913027497008e+012
 -8.838770787841e+010  5.913027426743e+012
 -8.839240735339e+010  5.913027356474e+012
 -8.839710682831e+010  5.913027286202e+012
 -8.840180630318e+010  5.913027215925e+012
 -8.840650577799e+010  5.913027145645e+012
 -8.841120525275e+010  5.913027075361e+012
 -8.841590472745e+010  5.913027005073e+012
 -8.842060420210e+010  5.913026934781e+012
 -8.842530367669e+010  5.913026864486e+012
 -8.843000315122e+010  5.913026794186e+012
 -8.843470262570e+010  5.913026723883e+012
 -8.843940210012e+010  5.913026653576e+012
 -8.844410157449e+010  5.913026583265e+012
 -8.844880104880e+010  5.913026512950e+012
 -8.845350052306e+010  5.913026442632e+012
 -8.845819999725e+010  5.913026372309e+012
 -8.846289947140e+010  5.913026301983e+012
 -8.846759894549e+010  5.913026231653e+012
 -8.847229841952e+010  5.913026161319e+012
 -8.847699789350e+010  5.913026090982e+012
 -8.848169736742e+010  5.913026020640e+012
 -8.848639684128e+010  5.913025950295e+012
 -8.849109631509e+010  5.913025879946e+012
 -8.849579578885e+010  5.913025809593e+012
 -8.850049526255e+010  5.913025739236e+012
 -8.850519473619e+010  5.913025668876e+012
 -8.850989420978e+010  5.913025598511e+012
 -8.851459368331e+010  5.913025528143e+012
 -8.851929315678e+010  5.913025457771e+012
 -8.852399263020e+010  5.913025387395e+012
 -8.852869210357e+010  5.913025317015e+012
 -8.853339157687e+010  5.913025246632e+012
 -8.853809105013e+010  5.913025176245e+012
 -8.854279052332e+010  5.913025105853e+012
 -8.854748999646e+010  5.913025035458e+012
 -8.855218946955e+010  5.913024965060e+012
 -8.855688894258e+010  5.913024894657e+012
 -8.856158841555e+010  5.913024824250e+012
 -8.856628788847e+010  5.913024753840e+012
 -8.857098736133e+010  5.913024683426e+012
 -8.857568683414e+010  5.913024613008e+012
 -8.858038630689e+010  5.913024542586e+012
 -8.858508577958e+010  5.913024472161e+012
 -8.858978525222e+010  5.913024401732e+012
 -8.859448472480e+010  5.913024331298e+012
 -8.859918419733e+010  5.913024260861e+012
 -8.860388366980e+010  5.913024190420e+012
 -8.860858314222e+010  5.913024119976e+012
 -8.861328261458e+010  5.913024049527e+012
 -8.861798208688e+010  5.913023979075e+012
 -8.862268155913e+010  5.913023908619e+012
 -8.862738103132e+010  5.913023838159e+012
 -8.863208050346e+010  5.913023767695e+012
 -8.863677997554e+010  5.913023697227e+012
 -8.864147944757e+010  5.913023626756e+012
 -8.864617891953e+010  5.913023556281e+012
 -8.865087839145e+010  5.913023485802e+012
 -8.865557786331e+010  5.913023415319e+012
 -8.866027733511e+010  5.913023344832e+012
 -8.866497680685e+010  5.913023274341e+012
 -8.866967627854e+010  5.913023203847e+012
 -8.867437575018e+010  5.913023133349e+012
 -8.867907522175e+010  5.913023062847e+012
 -8.868377469328e+010  5.913022992341e+012
 -8.868847416474e+010  5.913022921831e+012
 -8.869317363615e+010  5.913022851318e+012
 -8.869787310751e+010  5.913022780801e+012
 -8.870257257881e+010  5.913022710279e+012
 -8.870727205005e+010  5.913022639754e+012
 -8.871197152124e+010  5.913022569226e+012
 -8.871667099237e+010  5.913022498693e+012
 -8.872137046345e+010  5.913022428157e+012
 -8.872606993446e+010  5.913022357616e+012
 -8.873076940543e+010  5.913022287072e+012
 -8.873546887634e+010  5.913022216525e+012
 -8.874016834719e+010  5.913022145973e+012
 -8.874486781798e+010  5.913022075417e+012
 -8.874956728872e+010  5.913022004858e+012
 -8.875426675941e+010  5.913021934295e+012
 -8.875896623004e+010  5.913021863728e+012
 -8.876366570061e+010  5.913021793157e+012
 -8.876836517113e+010  5.913021722582e+012
 -8.877306464159e+010  5.913021652004e+012
 -8.877776411199e+010  5.913021581421e+012
 -8.878246358234e+010  5.913021510835e+012
 -8.878716305263e+010  5.913021440245e+012
 -8.879186252287e+010  5.913021369652e+012
 -8.879656199305e+010  5.913021299054e+012
 -8.880126146318e+010  5.913021228453e+012
 -8.880596093324e+010  5.913021157847e+012
 -8.881066040326e+010  5.913021087238e+012
 -8.881535987321e+010  5.913021016626e+012
 -8.882005934312e+010  5.913020946009e+012
 -8.882475881296e+010  5.913020875388e+012
 -8.882945828275e+010  5.913020804764e+012
 -8.883415775248e+010  5.913020734136e+012
 -8.883885722216e+010  5.913020663504e+012
 -8.884355669178e+010  5.913020592868e+012
 -8.884825616135e+010  5.913020522228e+012
 -8.885295563086e+010  5.913020451585e+012
 -8.885765510031e+010  5.913020380938e+012
 -8.886235456971e+010  5.913020310287e+012
 -8.886705403905e+010  5.913020239632e+012
 -8.887175350834e+010  5.913020168973e+012
 -8.887645297757e+010  5.913020098310e+012
 -8.888115244674e+010  5.913020027644e+012
 -8.888585191586e+010  5.913019956974e+012
 -8.889055138492e+010  5.913019886300e+012
 -8.889525085393e+010  5.913019815622e+012
 -8.889995032288e+010  5.913019744940e+012
 -8.890464979177e+010  5.913019674255e+012
 -8.890934926061e+010  5.913019603565e+012
 -8.891404872939e+010  5.913019532872e+012
 -8.891874819812e+010  5.913019462175e+012
 -8.892344766679e+010  5.913019391474e+012
 -8.892814713540e+010  5.913019320770e+012
 -8.893284660396e+010  5.913019250061e+012
 -8.893754607246e+010  5.913019179349e+012
 -8.894224554091e+010  5.913019108633e+012
 -8.894694500929e+010  5.913019037913e+012
 -8.895164447763e+010  5.913018967189e+012
 -8.895634394591e+010  5.913018896462e+012
 -8.896104341413e+010  5.913018825730e+012
 -8.896574288229e+010  5.913018754995e+012
 -8.897044235040e+010  5.913018684256e+012
 -8.897514181846e+010  5.913018613513e+012
 -8.897984128645e+010  5.913018542767e+012
 -8.898454075440e+010  5.913018472016e+012
 -8.898924022228e+010  5.913018401262e+012
 -8.899393969011e+010  5.913018330504e+012
 -8.899863915788e+010  5.913018259742e+012
 -8.900333862560e+010  5.913018188976e+012
 -8.900803809326e+010  5.913018118206e+012
 -8.901273756087e+010  5.913018047433e+012
 -8.901743702842e+010  5.913017976656e+012
 -8.902213649591e+010  5.913017905875e+012
 -8.902683596335e+010  5.913017835090e+012
 -8.903153543073e+010  5.913017764301e+012
 -8.903623489805e+010  5.913017693509e+012
 -8.904093436532e+010  5.913017622712e+012
 -8.904563383253e+010  5.913017551912e+012
 -8.905033329969e+010  5.913017481108e+012
 -8.905503276679e+010  5.913017410300e+012
 -8.905973223383e+010  5.913017339489e+012
 -8.906443170082e+010  5.913017268673e+012
 -8.906913116775e+010  5.913017197854e+012
 -8.907383063463e+010  5.913017127031e+012
 -8.907853010145e+010  5.913017056204e+012
 -8.908322956821e+010  5.913016985373e+012
 -8.908792903492e+010  5.913016914538e+012
 -8.909262850157e+010  5.913016843700e+012
 -8.909732796817e+010  5.913016772858e+012
 -8.910202743471e+010  5.913016702012e+012
 -8.910672690119e+010  5.913016631162e+012
 -8.911142636762e+010  5.913016560308e+012
 -8.911612583399e+010  5.913016489451e+012
 -8.912082530030e+010  5.913016418589e+012
 -8.912552476656e+010  5.913016347724e+012
 -8.913022423277e+010  5.913016276855e+012
 -8.913492369891e+010  5.913016205982e+012
 -8.913962316500e+010  5.913016135106e+012
 -8.914432263104e+010  5.913016064225e+012
 -8.914902209701e+010  5.913015993341e+012
 -8.915372156294e+010  5.913015922453e+012
 -8.915842102880e+010  5.913015851561e+012
 -8.916312049461e+010  5.913015780665e+012
 -8.916781996036e+010  5.913015709766e+012
 -8.917251942606e+010  5.913015638862e+012
 -8.917721889170e+010  5.913015567955e+012
 -8.918191835729e+010  5.913015497044e+012
 -8.918661782281e+010  5.913015426129e+012
 -8.919131728829e+010  5.913015355210e+012
 -8.919601675370e+010  5.913015284288e+012
 -8.920071621906e+010  5.913015213362e+012
 -8.920541568437e+010  5.913015142431e+012
 -8.921011514961e+010  5.913015071497e+012
 -8.921481461481e+010  5.913015000560e+012
 -8.921951407994e+010  5.913014929618e+012
 -8.922421354502e+010  5.913014858673e+012
 -8.922891301004e+010  5.913014787723e+012
 -8.923361247501e+010  5.913014716770e+012
 -8.923831193992e+010  5.913014645813e+012
 -8.924301140477e+010  5.913014574853e+012
 -8.924771086957e+010  5.913014503888e+012
 -8.925241033431e+010  5.913014432920e+012
 -8.925710979900e+010  5.913014361947e+012
 -8.926180926363e+010  5.913014290971e+012
 -8.926650872820e+010  5.913014219992e+012
 -8.927120819272e+010  5.913014149008e+012
 -8.927590765718e+010  5.913014078020e+012
 -8.928060712158e+010  5.913014007029e+012
 -8.928530658593e+010  5.913013936034e+012
 -8.929000605022e+010  5.913013865035e+012
 -8.929470551446e+010  5.913013794032e+012
 -8.929940497864e+010  5.913013723026e+012
 -8.930410444276e+010  5.913013652015e+012
 -8.930880390683e+010  5.913013581001e+012
 -8.931350337084e+010  5.913013509983e+012
 -8.931820283479e+010  5.913013438961e+012
 -8.932290229869e+010  5.913013367935e+012
 -8.932760176253e+010  5.913013296906e+012
 -8.933230122632e+010  5.913013225872e+012
 -8.933700069005e+010  5.913013154835e+012
 -8.934170015372e+010  5.913013083794e+012
 -8.934639961734e+010  5.913013012749e+012
 -8.935109908090e+010  5.913012941701e+012
 -8.935579854440e+010  5.913012870648e+012
 -8.936049800785e+010  5.913012799592e+012
 -8.936519747124e+010  5.913012728532e+012
 -8.936989693458e+010  5.913012657468e+012
 -8.937459639786e+010  5.913012586400e+012
 -8.937929586108e+010  5.913012515329e+012
 -8.938399532425e+010  5.913012444253e+012
 -8.938869478736e+010  5.913012373174e+012
 -8.939339425041e+010  5.913012302091e+012
 -8.939809371341e+010  5.913012231004e+012
 -8.940279317635e+010  5.913012159913e+012
 -8.940749263923e+010  5.913012088819e+012
 -8.941219210206e+010  5.913012017720e+012
 -8.941689156483e+010  5.913011946618e+012
 -8.942159102755e+010  5.913011875512e+012
 -8.942629049021e+010  5.913011804402e+012
 -8.943098995281e+010  5.913011733289e+012
 -8.943568941536e+010  5.913011662171e+012
 -8.944038887785e+010  5.913011591050e+012
 -8.944508834028e+010  5.913011519925e+012
 -8.944978780266e+010  5.913011448796e+012
 -8.945448726498e+010  5.913011377663e+012
 -8.945918672725e+010  5.913011306527e+012
 -8.946388618946e+010  5.913011235386e+012
 -8.946858565161e+010  5.913011164242e+012
 -8.947328511370e+010  5.913011093094e+012
 -8.947798457574e+010  5.913011021942e+012
 -8.948268403773e+010  5.913010950787e+012
 -8.948738349965e+010  5.913010879627e+012
 -8.949208296152e+010  5.913010808464e+012
 -8.949678242334e+010  5.913010737297e+012
 -8.950148188510e+010  5.913010666126e+012
 -8.950618134680e+010  5.913010594951e+012
 -8.951088080844e+010  5.913010523772e+012
 -8.951558027003e+010  5.913010452590e+012
 -8.952027973156e+010  5.913010381403e+012
 -8.952497919304e+010  5.913010310213e+012
 -8.952967865446e+010  5.913010239019e+012
 -8.953437811582e+010  5.913010167822e+012
 -8.953907757713e+010  5.913010096620e+012
 -8.954377703838e+010  5.913010025415e+012
 -8.954847649957e+010  5.913009954206e+012
 -8.955317596071e+010  5.913009882993e+012
 -8.955787542179e+010  5.913009811776e+012
 -8.956257488281e+010  5.913009740555e+012
 -8.956727434378e+010  5.913009669331e+012
 -8.957197380469e+010  5.913009598102e+012
 -8.957667326555e+010  5.913009526870e+012
 -8.958137272635e+010  5.913009455634e+012
 -8.958607218709e+010  5.913009384394e+012
 -8.959077164777e+010  5.913009313151e+012
 -8.959547110840e+010  5.913009241903e+012
 -8.960017056898e+010  5.913009170652e+012
 -8.960487002949e+010  5.913009099397e+012
 -8.960956948995e+010  5.913009028138e+012
 -8.961426895036e+010  5.913008956875e+012
 -8.961896841070e+010  5.913008885609e+012
 -8.962366787100e+010  5.913008814338e+012
 -8.962836733123e+010  5.913008743064e+012
 -8.963306679141e+010  5.913008671786e+012
 -8.963776625153e+010  5.913008600504e+012
 -8.964246571159e+010  5.913008529219e+012
 -8.964716517160e+010  5.913008457929e+012
 -8.965186463155e+010  5.913008386636e+012
 -8.965656409145e+010  5.913008315339e+012
 -8.966126355129e+010  5.913008244038e+012
 -8.966596301107e+010  5.913008172733e+012
 -8.967066247080e+010  5.913008101425e+012
 -8.967536193047e+010  5.913008030112e+012
 -8.968006139008e+010  5.913007958796e+012
 -8.968476084964e+010  5.913007887476e+012
 -8.968946030914e+010  5.913007816152e+012
 -8.969415976858e+010  5.913007744824e+012
 -8.969885922797e+010  5.913007673493e+012
 -8.970355868730e+010  5.913007602157e+012
 -8.970825814657e+010  5.913007530818e+012
 -8.971295760579e+010  5.913007459475e+012
 -8.971765706495e+010  5.913007388128e+012
 -8.972235652405e+010  5.913007316778e+012
 -8.972705598310e+010  5.913007245423e+012
 -8.973175544209e+010  5.913007174065e+012
 -8.973645490103e+010  5.913007102703e+012
 -8.974115435990e+010  5.913007031337e+012
 -8.974585381873e+010  5.913006959967e+012
 -8.975055327749e+010  5.913006888594e+012
 -8.975525273620e+010  5.913006817216e+012
 -8.975995219485e+010  5.913006745835e+012
 -8.976465165345e+010  5.913006674450e+012
 -8.976935111199e+010  5.913006603061e+012
 -8.977405057047e+010  5.913006531669e+012
 -8.977875002889e+010  5.913006460272e+012
 -8.978344948726e+010  5.913006388872e+012
 -8.978814894558e+010  5.913006317468e+012
 -8.979284840383e+010  5.913006246060e+012
 -8.979754786203e+010  5.913006174648e+012
 -8.980224732018e+010  5.913006103232e+012
 -8.980694677826e+010  5.913006031813e+012
 -8.981164623629e+010  5.913005960389e+012
 -8.981634569426e+010  5.913005888962e+012
 -8.982104515218e+010  5.913005817531e+012
 -8.982574461004e+010  5.913005746097e+012
 -8.983044406784e+010  5.913005674658e+012
 -8.983514352559e+010  5.913005603216e+012
 -8.983984298328e+010  5.913005531770e+012
 -8.984454244092e+010  5.913005460320e+012
 -8.984924189849e+010  5.913005388866e+012
 -8.985394135601e+010  5.913005317408e+012
 -8.985864081348e+010  5.913005245946e+012
 -8.986334027088e+010  5.913005174481e+012
 -8.986803972823e+010  5.913005103012e+012
 -8.987273918553e+010  5.913005031539e+012
 -8.987743864277e+010  5.913004960062e+012
 -8.988213809995e+010  5.913004888582e+012
 -8.988683755707e+010  5.913004817097e+012
 -8.989153701414e+010  5.913004745609e+012
 -8.989623647115e+010  5.913004674117e+012
 -8.990093592810e+010  5.913004602621e+012
 -8.990563538500e+010  5.913004531121e+012
 -8.991033484184e+010  5.913004459618e+012
 -8.991503429862e+010  5.913004388110e+012
 -8.991973375535e+010  5.913004316599e+012
 -8.992443321202e+010  5.913004245084e+012
 -8.992913266864e+010  5.913004173565e+012
 -8.993383212520e+010  5.913004102043e+012
 -8.993853158170e+010  5.913004030516e+012
 -8.994323103814e+010  5.913003958986e+012
 -8.994793049453e+010  5.913003887452e+012
 -8.995262995086e+010  5.913003815914e+012
 -8.995732940713e+010  5.913003744372e+012
 -8.996202886335e+010  5.913003672827e+012
 -8.996672831951e+010  5.913003601277e+012
 -8.997142777562e+010  5.913003529724e+012
 -8.997612723166e+010  5.913003458167e+012
 -8.998082668765e+010  5.913003386606e+012
 -8.998552614359e+010  5.913003315041e+012
 -8.999022559947e+010  5.913003243473e+012
 -8.999492505529e+010  5.913003171900e+012
 -8.999962451105e+010  5.913003100324e+012
 -9.000432396676e+010  5.913003028744e+012
 -9.000902342241e+010  5.913002957160e+012
 -9.001372287800e+010  5.913002885573e+012
 -9.001842233354e+010  5.913002813981e+012
 -9.002312178902e+010  5.913002742386e+012
 -9.002782124444e+010  5.913002670787e+012
 -9.003252069981e+010  5.913002599184e+012
 -9.003722015512e+010  5.913002527577e+012
 -9.004191961037e+010  5.913002455967e+012
 -9.004661906557e+010  5.913002384352e+012
 -9.005131852071e+010  5.913002312734e+012
 -9.005601797579e+010  5.913002241112e+012
 -9.006071743082e+010  5.913002169486e+012
 -9.006541688579e+010  5.913002097856e+012
 -9.007011634070e+010  5.913002026223e+012
 -9.007481579556e+010  5.913001954586e+012
 -9.007951525036e+010  5.913001882944e+012
 -9.008421470510e+010  5.913001811299e+012
 -9.008891415979e+010  5.913001739651e+012
 -9.009361361442e+010  5.913001667998e+012
 -9.009831306899e+010  5.913001596342e+012
 -9.010301252351e+010  5.913001524681e+012
 -9.010771197796e+010  5.913001453017e+012
 -9.011241143237e+010  5.913001381349e+012
 -9.011711088671e+010  5.913001309678e+012
 -9.012181034100e+010  5.913001238002e+012
 -9.012650979523e+010  5.913001166323e+012
 -9.013120924941e+010  5.913001094639e+012
 -9.013590870353e+010  5.913001022952e+012
 -9.014060815759e+010  5.913000951261e+012
 -9.014530761159e+010  5.913000879567e+012
 -9.015000706554e+010  5.913000807868e+012
 -9.015470651943e+010  5.913000736166e+012
 -9.015940597327e+010  5.913000664460e+012
 -9.016410542704e+010  5.913000592750e+012
 -9.016880488076e+010  5.913000521036e+012
 -9.017350433443e+010  5.913000449318e+012
 -9.017820378803e+010  5.913000377597e+012
 -9.018290324158e+010  5.913000305872e+012
 -9.018760269508e+010  5.913000234143e+012
 -9.019230214851e+010  5.913000162410e+012
 -9.019700160189e+010  5.913000090673e+012
 -9.020170105522e+010  5.913000018933e+012
 -9.020640050848e+010  5.912999947188e+012
 -9.021109996169e+010  5.912999875440e+012
 -9.021579941484e+010  5.912999803688e+012
 -9.022049886794e+010  5.912999731932e+012
 -9.022519832098e+010  5.912999660173e+012
 -9.022989777396e+010  5.912999588409e+012
 -9.023459722688e+010  5.912999516642e+012
 -9.023929667975e+010  5.912999444871e+012
 -9.024399613256e+010  5.912999373096e+012
 -9.024869558532e+010  5.912999301317e+012
 -9.025339503802e+010  5.912999229534e+012
 -9.025809449066e+010  5.912999157748e+012
 -9.026279394324e+010  5.912999085958e+012
 -9.026749339577e+010  5.912999014164e+012
 -9.027219284824e+010  5.912998942366e+012
 -9.027689230065e+010  5.912998870564e+012
 -9.028159175301e+010  5.912998798758e+012
 -9.028629120531e+010  5.912998726949e+012
 -9.029099065755e+010  5.912998655136e+012
 -9.029569010973e+010  5.912998583319e+012
 -9.030038956186e+010  5.912998511498e+012
 -9.030508901393e+010  5.912998439673e+012
 -9.030978846595e+010  5.912998367845e+012
 -9.031448791791e+010  5.912998296013e+012
 -9.031918736981e+010  5.912998224177e+012
 -9.032388682165e+010  5.912998152337e+012
 -9.032858627344e+010  5.912998080493e+012
 -9.033328572517e+010  5.912998008645e+012
 -9.033798517684e+010  5.912997936794e+012
 -9.034268462846e+010  5.912997864939e+012
 -9.034738408002e+010  5.912997793080e+012
 -9.035208353152e+010  5.912997721217e+012
 -9.035678298297e+010  5.912997649350e+012
 -9.036148243435e+010  5.912997577480e+012
 -9.036618188569e+010  5.912997505605e+012
 -9.037088133696e+010  5.912997433727e+012
 -9.037558078818e+010  5.912997361845e+012
 -9.038028023934e+010  5.912997289959e+012
 -9.038497969044e+010  5.912997218070e+012
 -9.038967914149e+010  5.912997146176e+012
 -9.039437859248e+010  5.912997074279e+012
 -9.039907804341e+010  5.912997002378e+012
 -9.040377749429e+010  5.912996930473e+012
 -9.040847694511e+010  5.912996858564e+012
 -9.041317639587e+010  5.912996786652e+012
 -9.041787584658e+010  5.912996714735e+012
 -9.042257529722e+010  5.912996642815e+012
 -9.042727474782e+010  5.912996570891e+012
 -9.043197419835e+010  5.912996498963e+012
 -9.043667364883e+010  5.912996427032e+012
 -9.044137309925e+010  5.912996355096e+012
 -9.044607254961e+010  5.912996283157e+012
 -9.045077199992e+010  5.912996211214e+012
 -9.045547145017e+010  5.912996139267e+012
 -9.046017090036e+010  5.912996067316e+012
 -9.046487035049e+010  5.912995995361e+012
 -9.046956980057e+010  5.912995923403e+012
 -9.047426925059e+010  5.912995851441e+012
 -9.047896870056e+010  5.912995779474e+012
 -9.048366815046e+010  5.912995707505e+012
 -9.048836760031e+010  5.912995635531e+012
 -9.049306705011e+010  5.912995563553e+012
 -9.049776649984e+010  5.912995491572e+012
 -9.050246594952e+010  5.912995419587e+012
 -9.050716539915e+010  5.912995347598e+012
 -9.051186484871e+010  5.912995275605e+012
 -9.051656429822e+010  5.912995203608e+012
 -9.052126374767e+010  5.912995131608e+012
 -9.052596319706e+010  5.912995059603e+012
 -9.053066264640e+010  5.912994987595e+012
 -9.053536209568e+010  5.912994915583e+012
 -9.054006154490e+010  5.912994843568e+012
 -9.054476099407e+010  5.912994771548e+012
 -9.054946044318e+010  5.912994699525e+012
 -9.055415989223e+010  5.912994627497e+012
 -9.055885934122e+010  5.912994555466e+012
 -9.056355879016e+010  5.912994483431e+012
 -9.056825823904e+010  5.912994411393e+012
 -9.057295768786e+010  5.912994339350e+012
 -9.057765713663e+010  5.912994267304e+012
 -9.058235658534e+010  5.912994195254e+012
 -9.058705603399e+010  5.912994123200e+012
 -9.059175548259e+010  5.912994051142e+012
 -9.059645493112e+010  5.912993979080e+012
 -9.060115437960e+010  5.912993907015e+012
 -9.060585382803e+010  5.912993834945e+012
 -9.061055327639e+010  5.912993762872e+012
 -9.061525272470e+010  5.912993690795e+012
 -9.061995217296e+010  5.912993618715e+012
 -9.062465162115e+010  5.912993546630e+012
 -9.062935106929e+010  5.912993474542e+012
 -9.063405051737e+010  5.912993402449e+012
 -9.063874996540e+010  5.912993330353e+012
 -9.064344941336e+010  5.912993258253e+012
 -9.064814886127e+010  5.912993186150e+012
 -9.065284830912e+010  5.912993114042e+012
 -9.065754775692e+010  5.912993041931e+012
 -9.066224720466e+010  5.912992969816e+012
 -9.066694665234e+010  5.912992897697e+012
 -9.067164609996e+010  5.912992825574e+012
 -9.067634554753e+010  5.912992753447e+012
 -9.068104499504e+010  5.912992681317e+012
 -9.068574444249e+010  5.912992609183e+012
 -9.069044388989e+010  5.912992537045e+012
 -9.069514333723e+010  5.912992464903e+012
 -9.069984278451e+010  5.912992392757e+012
 -9.070454223173e+010  5.912992320607e+012
 -9.070924167890e+010  5.912992248454e+012
 -9.071394112601e+010  5.912992176297e+012
 -9.071864057306e+010  5.912992104136e+012
 -9.072334002006e+010  5.912992031971e+012
 -9.072803946699e+010  5.912991959802e+012
 -9.073273891387e+010  5.912991887630e+012
 -9.073743836070e+010  5.912991815453e+012
 -9.074213780746e+010  5.912991743273e+012
 -9.074683725417e+010  5.912991671089e+012
 -9.075153670083e+010  5.912991598901e+012
 -9.075623614742e+010  5.912991526710e+012
 -9.076093559396e+010  5.912991454514e+012
 -9.076563504044e+010  5.912991382315e+012
 -9.077033448686e+010  5.912991310112e+012
 -9.077503393323e+010  5.912991237905e+012
 -9.077973337954e+010  5.912991165694e+012
 -9.078443282579e+010  5.912991093480e+012
 -9.078913227198e+010  5.912991021261e+012
 -9.079383171812e+010  5.912990949039e+012
 -9.079853116420e+010  5.912990876813e+012
 -9.080323061022e+010  5.912990804583e+012
 -9.080793005619e+010  5.912990732350e+012
 -9.081262950210e+010  5.912990660112e+012
 -9.081732894795e+010  5.912990587871e+012
 -9.082202839374e+010  5.912990515626e+012
 -9.082672783948e+010  5.912990443377e+012
 -9.083142728516e+010  5.912990371124e+012
 -9.083612673078e+010  5.912990298868e+012
 -9.084082617635e+010  5.912990226607e+012
 -9.084552562185e+010  5.912990154343e+012
 -9.085022506731e+010  5.912990082075e+012
 -9.085492451270e+010  5.912990009803e+012
 -9.085962395803e+010  5.912989937527e+012
 -9.086432340331e+010  5.912989865248e+012
 -9.086902284853e+010  5.912989792964e+012
 -9.087372229370e+010  5.912989720677e+012
 -9.087842173881e+010  5.912989648386e+012
 -9.088312118386e+010  5.912989576091e+012
 -9.088782062885e+010  5.912989503793e+012
 -9.089252007378e+010  5.912989431490e+012
 -9.089721951866e+010  5.912989359184e+012
 -9.090191896348e+010  5.912989286874e+012
 -9.090661840824e+010  5.912989214560e+012
 -9.091131785295e+010  5.912989142242e+012
 -9.091601729760e+010  5.912989069921e+012
 -9.092071674219e+010  5.912988997595e+012
 -9.092541618672e+010  5.912988925266e+012
 -9.093011563120e+010  5.912988852933e+012
 -9.093481507562e+010  5.912988780596e+012
 -9.093951451998e+010  5.912988708255e+012
 -9.094421396429e+010  5.912988635911e+012
 -9.094891340853e+010  5.912988563562e+012
 -9.095361285272e+010  5.912988491210e+012
 -9.095831229686e+010  5.912988418854e+012
 -9.096301174093e+010  5.912988346494e+012
 -9.096771118495e+010  5.912988274131e+012
 -9.097241062891e+010  5.912988201763e+012
 -9.097711007281e+010  5.912988129392e+012
 -9.098180951666e+010  5.912988057017e+012
 -9.098650896045e+010  5.912987984638e+012
 -9.099120840418e+010  5.912987912255e+012
 -9.099590784786e+010  5.912987839869e+012
 -9.100060729147e+010  5.912987767478e+012
 -9.100530673503e+010  5.912987695084e+012
 -9.101000617853e+010  5.912987622686e+012
 -9.101470562198e+010  5.912987550284e+012
 -9.101940506537e+010  5.912987477879e+012
 -9.102410450870e+010  5.912987405469e+012
 -9.102880395197e+010  5.912987333056e+012
 -9.103350339518e+010  5.912987260639e+012
 -9.103820283834e+010  5.912987188218e+012
 -9.104290228144e+010  5.912987115793e+012
 -9.104760172448e+010  5.912987043364e+012
 -9.105230116747e+010  5.912986970932e+012
 -9.105700061040e+010  5.912986898496e+012
 -9.106170005327e+010  5.912986826056e+012
 -9.106639949608e+010  5.912986753612e+012
 -9.107109893884e+010  5.912986681164e+012
 -9.107579838154e+010  5.912986608712e+012
 -9.108049782418e+010  5.912986536257e+012
 -9.108519726676e+010  5.912986463798e+012
 -9.108989670929e+010  5.912986391335e+012
 -9.109459615176e+010  5.912986318868e+012
 -9.109929559417e+010  5.912986246397e+012
 -9.110399503652e+010  5.912986173923e+012
 -9.110869447882e+010  5.912986101444e+012
 -9.111339392106e+010  5.912986028962e+012
 -9.111809336324e+010  5.912985956476e+012
 -9.112279280537e+010  5.912985883987e+012
 -9.112749224743e+010  5.912985811493e+012
 -9.113219168944e+010  5.912985738996e+012
 -9.113689113140e+010  5.912985666494e+012
 -9.114159057329e+010  5.912985593989e+012
 -9.114629001513e+010  5.912985521480e+012
 -9.115098945691e+010  5.912985448968e+012
 -9.115568889863e+010  5.912985376451e+012
 -9.116038834029e+010  5.912985303931e+012
 -9.116508778190e+010  5.912985231407e+012
 -9.116978722345e+010  5.912985158879e+012
 -9.117448666494e+010  5.912985086347e+012
 -9.117918610638e+010  5.912985013811e+012
 -9.118388554776e+010  5.912984941272e+012
 -9.118858498908e+010  5.912984868728e+012
 -9.119328443034e+010  5.912984796181e+012
 -9.119798387155e+010  5.912984723630e+012
 -9.120268331269e+010  5.912984651076e+012
 -9.120738275378e+010  5.912984578517e+012
 -9.121208219482e+010  5.912984505955e+012
 -9.121678163579e+010  5.912984433388e+012
 -9.122148107671e+010  5.912984360818e+012
 -9.122618051757e+010  5.912984288244e+012
 -9.123087995837e+010  5.912984215667e+012
 -9.123557939912e+010  5.912984143085e+012
 -9.124027883981e+010  5.912984070500e+012
 -9.124497828044e+010  5.912983997911e+012
 -9.124967772101e+010  5.912983925318e+012
 -9.125437716152e+010  5.912983852721e+012
 -9.125907660198e+010  5.912983780120e+012
 -9.126377604238e+010  5.912983707516e+012
 -9.126847548272e+010  5.912983634908e+012
 -9.127317492301e+010  5.912983562296e+012
 -9.127787436324e+010  5.912983489680e+012
 -9.128257380341e+010  5.912983417060e+012
 -9.128727324352e+010  5.912983344436e+012
 -9.129197268357e+010  5.912983271809e+012
 -9.129667212357e+010  5.912983199178e+012
 -9.130137156351e+010  5.912983126543e+012
 -9.130607100339e+010  5.912983053904e+012
 -9.131077044322e+010  5.912982981261e+012
 -9.131546988299e+010  5.912982908615e+012
 -9.132016932270e+010  5.912982835964e+012
 -9.132486876235e+010  5.912982763310e+012
 -9.132956820194e+010  5.912982690652e+012
 -9.133426764148e+010  5.912982617990e+012
 -9.133896708096e+010  5.912982545325e+012
 -9.134366652038e+010  5.912982472655e+012
 -9.134836595974e+010  5.912982399982e+012
 -9.135306539905e+010  5.912982327305e+012
 -9.135776483830e+010  5.912982254624e+012
 -9.136246427749e+010  5.912982181939e+012
 -9.136716371663e+010  5.912982109251e+012
 -9.137186315570e+010  5.912982036558e+012
 -9.137656259472e+010  5.912981963862e+012
 -9.138126203368e+010  5.912981891162e+012
 -9.138596147259e+010  5.912981818458e+012
 -9.139066091143e+010  5.912981745751e+012
 -9.139536035022e+010  5.912981673039e+012
 -9.140005978895e+010  5.912981600324e+012
 -9.140475922762e+010  5.912981527605e+012
 -9.140945866624e+010  5.912981454882e+012
 -9.141415810480e+010  5.912981382155e+012
 -9.141885754330e+010  5.912981309424e+012
 -9.142355698174e+010  5.912981236690e+012
 -9.142825642012e+010  5.912981163952e+012
 -9.143295585845e+010  5.912981091210e+012
 -9.143765529672e+010  5.912981018464e+012
 -9.144235473493e+010  5.912980945714e+012
 -9.144705417309e+010  5.912980872961e+012
 -9.145175361119e+010  5.912980800203e+012
 -9.145645304922e+010  5.912980727442e+012
 -9.146115248721e+010  5.912980654677e+012
 -9.146585192513e+010  5.912980581908e+012
 -9.147055136300e+010  5.912980509136e+012
 -9.147525080080e+010  5.912980436359e+012
 -9.147995023856e+010  5.912980363579e+012
 -9.148464967625e+010  5.912980290795e+012
 -9.148934911388e+010  5.912980218007e+012
 -9.149404855146e+010  5.912980145215e+012
 -9.149874798898e+010  5.912980072419e+012
 -9.150344742644e+010  5.912979999620e+012
 -9.150814686385e+010  5.912979926817e+012
 -9.151284630120e+010  5.912979854010e+012
 -9.151754573849e+010  5.912979781199e+012
 -9.152224517572e+010  5.912979708384e+012
 -9.152694461289e+010  5.912979635566e+012
 -9.153164405001e+010  5.912979562743e+012
 -9.153634348707e+010  5.912979489917e+012
 -9.154104292407e+010  5.912979417087e+012
 -9.154574236101e+010  5.912979344253e+012
 -9.155044179790e+010  5.912979271416e+012
 -9.155514123473e+010  5.912979198574e+012
 -9.155984067150e+010  5.912979125729e+012
 -9.156454010821e+010  5.912979052880e+012
 -9.156923954486e+010  5.912978980027e+012
 -9.157393898146e+010  5.912978907170e+012
 -9.157863841800e+010  5.912978834310e+012
 -9.158333785448e+010  5.912978761445e+012
 -9.158803729090e+010  5.912978688577e+012
 -9.159273672727e+010  5.912978615705e+012
 -9.159743616358e+010  5.912978542829e+012
 -9.160213559983e+010  5.912978469950e+012
 -9.160683503602e+010  5.912978397066e+012
 -9.161153447216e+010  5.912978324179e+012
 -9.161623390823e+010  5.912978251288e+012
 -9.162093334425e+010  5.912978178393e+012
 -9.162563278022e+010  5.912978105494e+012
 -9.163033221612e+010  5.912978032591e+012
 -9.163503165197e+010  5.912977959685e+012
 -9.163973108775e+010  5.912977886774e+012
 -9.164443052349e+010  5.912977813860e+012
 -9.164912995916e+010  5.912977740942e+012
 -9.165382939477e+010  5.912977668021e+012
 -9.165852883033e+010  5.912977595095e+012
 -9.166322826583e+010  5.912977522166e+012
 -9.166792770127e+010  5.912977449233e+012
 -9.167262713666e+010  5.912977376296e+012
 -9.167732657198e+010  5.912977303355e+012
 -9.168202600725e+010  5.912977230410e+012
 -9.168672544246e+010  5.912977157462e+012
 -9.169142487762e+010  5.912977084509e+012
 -9.169612431271e+010  5.912977011553e+012
 -9.170082374775e+010  5.912976938593e+012
 -9.170552318273e+010  5.912976865629e+012
 -9.171022261765e+010  5.912976792662e+012
 -9.171492205251e+010  5.912976719690e+012
 -9.171962148732e+010  5.912976646715e+012
 -9.172432092207e+010  5.912976573736e+012
 -9.172902035676e+010  5.912976500753e+012
 -9.173371979139e+010  5.912976427767e+012
 -9.173841922597e+010  5.912976354776e+012
 -9.174311866048e+010  5.912976281782e+012
 -9.174781809494e+010  5.912976208783e+012
 -9.175251752934e+010  5.912976135781e+012
 -9.175721696369e+010  5.912976062776e+012
 -9.176191639797e+010  5.912975989766e+012
 -9.176661583220e+010  5.912975916752e+012
 -9.177131526637e+010  5.912975843735e+012
 -9.177601470048e+010  5.912975770714e+012
 -9.178071413454e+010  5.912975697689e+012
 -9.178541356853e+010  5.912975624660e+012
 -9.179011300247e+010  5.912975551628e+012
 -9.179481243635e+010  5.912975478591e+012
 -9.179951187017e+010  5.912975405551e+012
 -9.180421130394e+010  5.912975332507e+012
 -9.180891073765e+010  5.912975259459e+012
 -9.181361017129e+010  5.912975186408e+012
 -9.181830960489e+010  5.912975113352e+012
 -9.182300903842e+010  5.912975040293e+012
 -9.182770847189e+010  5.912974967230e+012
 -9.183240790531e+010  5.912974894163e+012
 -9.183710733867e+010  5.912974821092e+012
 -9.184180677197e+010  5.912974748017e+012
 -9.184650620522e+010  5.912974674939e+012
 -9.185120563840e+010  5.912974601856e+012
 -9.185590507153e+010  5.912974528770e+012
 -9.186060450460e+010  5.912974455680e+012
 -9.186530393761e+010  5.912974382587e+012
 -9.187000337057e+010  5.912974309489e+012
 -9.187470280346e+010  5.912974236388e+012
 -9.187940223630e+010  5.912974163282e+012
 -9.188410166908e+010  5.912974090173e+012
 -9.188880110181e+010  5.912974017061e+012
 -9.189350053447e+010  5.912973943944e+012
 -9.189819996708e+010  5.912973870823e+012
 -9.190289939963e+010  5.912973797699e+012
 -9.190759883212e+010  5.912973724571e+012
 -9.191229826455e+010  5.912973651439e+012
 -9.191699769693e+010  5.912973578303e+012
 -9.192169712924e+010  5.912973505163e+012
 -9.192639656150e+010  5.912973432020e+012
 -9.193109599370e+010  5.912973358873e+012
 -9.193579542585e+010  5.912973285722e+012
 -9.194049485793e+010  5.912973212567e+012
 -9.194519428996e+010  5.912973139408e+012
 -9.194989372193e+010  5.912973066246e+012
 -9.195459315384e+010  5.912972993079e+012
 -9.195929258569e+010  5.912972919909e+012
 -9.196399201749e+010  5.912972846735e+012
 -9.196869144923e+010  5.912972773557e+012
 -9.197339088091e+010  5.912972700375e+012
 -9.197809031253e+010  5.912972627190e+012
 -9.198278974409e+010  5.912972554001e+012
 -9.198748917560e+010  5.912972480807e+012
 -9.199218860704e+010  5.912972407611e+012
 -9.199688803843e+010  5.912972334410e+012
 -9.200158746976e+010  5.912972261205e+012
 -9.200628690104e+010  5.912972187997e+012
 -9.201098633225e+010  5.912972114784e+012
 -9.201568576341e+010  5.912972041568e+012
 -9.202038519451e+010  5.912971968349e+012
 -9.202508462555e+010  5.912971895125e+012
 -9.202978405654e+010  5.912971821897e+012
 -9.203448348746e+010  5.912971748666e+012
 -9.203918291833e+010  5.912971675431e+012
 -9.204388234914e+010  5.912971602192e+012
 -9.204858177989e+010  5.912971528949e+012
 -9.205328121058e+010  5.912971455702e+012
 -9.205798064122e+010  5.912971382452e+012
 -9.206268007179e+010  5.912971309198e+012
 -9.206737950231e+010  5.912971235939e+012
 -9.207207893277e+010  5.912971162677e+012
 -9.207677836318e+010  5.912971089412e+012
 -9.208147779352e+010  5.912971016142e+012
 -9.208617722381e+010  5.912970942869e+012
 -9.209087665404e+010  5.912970869591e+012
 -9.209557608421e+010  5.912970796310e+012
 -9.210027551432e+010  5.912970723026e+012
 -9.210497494438e+010  5.912970649737e+012
 -9.210967437437e+010  5.912970576444e+012
 -9.211437380431e+010  5.912970503148e+012
 -9.211907323419e+010  5.912970429848e+012
 -9.212377266402e+010  5.912970356544e+012
 -9.212847209378e+010  5.912970283236e+012
 -9.213317152349e+010  5.912970209924e+012
 -9.213787095313e+010  5.912970136609e+012
 -9.214257038272e+010  5.912970063290e+012
 -9.214726981226e+010  5.912969989967e+012
 -9.215196924173e+010  5.912969916640e+012
