  4.565470056963e+011 -1.352190445667e+012
  4.565561959742e+011 -1.352187342637e+012
  4.565653862310e+011 -1.352184239546e+012
  4.565745764669e+011 -1.352181136392e+012
  4.565837666819e+011 -1.352178033176e+012
  4.565929568758e+011 -1.352174929898e+012
  4.566021470488e+011 -1.352171826558e+012
  4.566113372007e+011 -1.352168723156e+012
  4.566205273317e+011 -1.352165619691e+012
  4.566297174417e+011 -1.352162516165e+012
  4.566389075308e+011 -1.352159412576e+012
  4.566480975988e+011 -1.352156308926e+012
  4.566572876458e+011 -1.352153205213e+012
  4.566664776719e+011 -1.352150101438e+012
  4.566756676770e+011 -1.352146997601e+012
  4.566848576610e+011 -1.352143893702e+012
  4.566940476241e+011 -1.352140789741e+012
  4.567032375663e+011 -1.352137685717e+012
  4.567124274874e+011 -1.352134581632e+012
  4.567216173875e+011 -1.352131477484e+012
  4.567308072666e+011 -1.352128373275e+012
  4.567399971248e+011 -1.352125269003e+012
  4.567491869620e+011 -1.352122164669e+012
  4.567583767781e+011 -1.352119060273e+012
  4.567675665733e+011 -1.352115955815e+012
  4.567767563475e+011 -1.352112851294e+012
  4.567859461007e+011 -1.352109746712e+012
  4.567951358329e+011 -1.352106642068e+012
  4.568043255441e+011 -1.352103537361e+012
  4.568135152343e+011 -1.352100432592e+012
  4.568227049035e+011 -1.352097327762e+012
  4.568318945518e+011 -1.352094222869e+012
  4.568410841790e+011 -1.352091117914e+012
  4.568502737852e+011 -1.352088012897e+012
  4.568594633705e+011 -1.352084907817e+012
  4.568686529347e+011 -1.352081802676e+012
  4.568778424780e+011 -1.352078697473e+012
  4.568870320002e+011 -1.352075592207e+012
  4.568962215015e+011 -1.352072486879e+012
  4.569054109818e+011 -1.352069381490e+012
  4.569146004410e+011 -1.352066276038e+012
  4.569237898793e+011 -1.352063170524e+012
  4.569329792965e+011 -1.352060064948e+012
  4.569421686928e+011 -1.352056959309e+012
  4.569513580681e+011 -1.352053853609e+012
  4.569605474223e+011 -1.352050747847e+012
  4.569697367556e+011 -1.352047642022e+012
  4.569789260679e+011 -1.352044536135e+012
  4.569881153591e+011 -1.352041430187e+012
  4.569973046294e+011 -1.352038324176e+012
  4.570064938786e+011 -1.352035218103e+012
  4.570156831069e+011 -1.352032111968e+012
  4.570248723142e+011 -1.352029005771e+012
  4.570340615004e+011 -1.352025899511e+012
  4.570432506656e+011 -1.352022793190e+012
  4.570524398099e+011 -1.352019686806e+012
  4.570616289331e+011 -1.352016580361e+012
  4.570708180354e+011 -1.352013473853e+012
  4.570800071166e+011 -1.352010367283e+012
  4.570891961768e+011 -1.352007260651e+012
  4.570983852160e+011 -1.352004153957e+012
  4.571075742342e+011 -1.352001047201e+012
  4.571167632314e+011 -1.351997940383e+012
  4.571259522076e+011 -1.351994833503e+012
  4.571351411628e+011 -1.351991726560e+012
  4.571443300970e+011 -1.351988619556e+012
  4.571535190101e+011 -1.351985512489e+012
  4.571627079023e+011 -1.351982405360e+012
  4.571718967734e+011 -1.351979298169e+012
  4.571810856236e+011 -1.351976190916e+012
  4.571902744527e+011 -1.351973083601e+012
  4.571994632608e+011 -1.351969976224e+012
  4.572086520479e+011 -1.351966868785e+012
  4.572178408140e+011 -1.351963761283e+012
  4.572270295591e+011 -1.351960653720e+012
  4.572362182831e+011 -1.351957546094e+012
  4.572454069862e+011 -1.351954438406e+012
  4.572545956682e+011 -1.351951330657e+012
  4.572637843293e+011 -1.351948222845e+012
  4.572729729693e+011 -1.351945114971e+012
  4.572821615883e+011 -1.351942007035e+012
  4.572913501862e+011 -1.351938899036e+012
  4.573005387632e+011 -1.351935790976e+012
  4.573097273192e+011 -1.351932682854e+012
  4.573189158541e+011 -1.351929574669e+012
  4.573281043680e+011 -1.351926466422e+012
  4.573372928609e+011 -1.351923358114e+012
  4.573464813328e+011 -1.351920249743e+012
  4.573556697836e+011 -1.351917141310e+012
  4.573648582135e+011 -1.351914032815e+012
  4.573740466223e+011 -1.351910924258e+012
  4.573832350101e+011 -1.351907815639e+012
  4.573924233769e+011 -1.351904706957e+012
  4.574016117227e+011 -1.351901598214e+012
  4.574108000474e+011 -1.351898489408e+012
  4.574199883511e+011 -1.351895380541e+012
  4.574291766338e+011 -1.351892271611e+012
  4.574383648955e+011 -1.351889162619e+012
  4.574475531362e+011 -1.351886053565e+012
  4.574567413558e+011 -1.351882944449e+012
  4.574659295544e+011 -1.351879835271e+012
  4.574751177320e+011 -1.351876726031e+012
  4.574843058885e+011 -1.351873616728e+012
  4.574934940241e+011 -1.351870507364e+012
  4.575026821386e+011 -1.351867397937e+012
  4.575118702321e+011 -1.351864288449e+012
  4.575210583045e+011 -1.351861178898e+012
  4.575302463560e+011 -1.351858069285e+012
  4.575394343864e+011 -1.351854959610e+012
  4.575486223958e+011 -1.351851849873e+012
  4.575578103841e+011 -1.351848740074e+012
  4.575669983514e+011 -1.351845630213e+012
  4.575761862977e+011 -1.351842520289e+012
  4.575853742230e+011 -1.351839410304e+012
  4.575945621272e+011 -1.351836300256e+012
  4.576037500104e+011 -1.351833190147e+012
  4.576129378726e+011 -1.351830079975e+012
  4.576221257138e+011 -1.351826969741e+012
  4.576313135339e+011 -1.351823859445e+012
  4.576405013330e+011 -1.351820749087e+012
  4.576496891110e+011 -1.351817638667e+012
  4.576588768681e+011 -1.351814528185e+012
  4.576680646040e+011 -1.351811417640e+012
  4.576772523190e+011 -1.351808307034e+012
  4.576864400129e+011 -1.351805196365e+012
  4.576956276858e+011 -1.351802085635e+012
  4.577048153377e+011 -1.351798974842e+012
  4.577140029685e+011 -1.351795863987e+012
  4.577231905783e+011 -1.351792753070e+012
  4.577323781670e+011 -1.351789642091e+012
  4.577415657347e+011 -1.351786531050e+012
  4.577507532814e+011 -1.351783419947e+012
  4.577599408071e+011 -1.351780308782e+012
  4.577691283117e+011 -1.351777197554e+012
  4.577783157952e+011 -1.351774086265e+012
  4.577875032577e+011 -1.351770974913e+012
  4.577966906992e+011 -1.351767863500e+012
  4.578058781197e+011 -1.351764752024e+012
  4.578150655191e+011 -1.351761640486e+012
  4.578242528975e+011 -1.351758528886e+012
  4.578334402548e+011 -1.351755417224e+012
  4.578426275911e+011 -1.351752305500e+012
  4.578518149063e+011 -1.351749193714e+012
  4.578610022005e+011 -1.351746081865e+012
  4.578701894737e+011 -1.351742969955e+012
  4.578793767258e+011 -1.351739857983e+012
  4.578885639569e+011 -1.351736745948e+012
  4.578977511670e+011 -1.351733633851e+012
  4.579069383559e+011 -1.351730521692e+012
  4.579161255239e+011 -1.351727409472e+012
  4.579253126708e+011 -1.351724297189e+012
  4.579344997967e+011 -1.351721184843e+012
  4.579436869015e+011 -1.351718072436e+012
  4.579528739853e+011 -1.351714959967e+012
  4.579620610480e+011 -1.351711847436e+012
  4.579712480897e+011 -1.351708734842e+012
  4.579804351103e+011 -1.351705622187e+012
  4.579896221099e+011 -1.351702509469e+012
  4.579988090884e+011 -1.351699396689e+012
  4.580079960459e+011 -1.351696283848e+012
  4.580171829823e+011 -1.351693170944e+012
  4.580263698977e+011 -1.351690057978e+012
  4.580355567921e+011 -1.351686944950e+012
  4.580447436653e+011 -1.351683831859e+012
  4.580539305176e+011 -1.351680718707e+012
  4.580631173488e+011 -1.351677605493e+012
  4.580723041589e+011 -1.351674492216e+012
  4.580814909480e+011 -1.351671378878e+012
  4.580906777160e+011 -1.351668265477e+012
  4.580998644630e+011 -1.351665152014e+012
  4.581090511889e+011 -1.351662038490e+012
  4.581182378938e+011 -1.351658924903e+012
  4.581274245776e+011 -1.351655811254e+012
  4.581366112404e+011 -1.351652697543e+012
  4.581457978821e+011 -1.351649583770e+012
  4.581549845028e+011 -1.351646469934e+012
  4.581641711024e+011 -1.351643356037e+012
  4.581733576809e+011 -1.351640242077e+012
  4.581825442384e+011 -1.351637128056e+012
  4.581917307749e+011 -1.351634013972e+012
  4.582009172902e+011 -1.351630899827e+012
  4.582101037846e+011 -1.351627785619e+012
  4.582192902578e+011 -1.351624671349e+012
  4.582284767100e+011 -1.351621557017e+012
  4.582376631412e+011 -1.351618442623e+012
  4.582468495513e+011 -1.351615328167e+012
  4.582560359403e+011 -1.351612213649e+012
  4.582652223083e+011 -1.351609099068e+012
  4.582744086552e+011 -1.351605984426e+012
  4.582835949810e+011 -1.351602869721e+012
  4.582927812858e+011 -1.351599754955e+012
  4.583019675695e+011 -1.351596640126e+012
  4.583111538322e+011 -1.351593525235e+012
  4.583203400738e+011 -1.351590410282e+012
  4.583295262943e+011 -1.351587295268e+012
  4.583387124938e+011 -1.351584180191e+012
  4.583478986722e+011 -1.351581065051e+012
  4.583570848295e+011 -1.351577949850e+012
  4.583662709658e+011 -1.351574834587e+012
  4.583754570810e+011 -1.351571719262e+012
  4.583846431752e+011 -1.351568603874e+012
  4.583938292483e+011 -1.351565488425e+012
  4.584030153003e+011 -1.351562372913e+012
  4.584122013312e+011 -1.351559257339e+012
  4.584213873411e+011 -1.351556141704e+012
  4.584305733299e+011 -1.351553026006e+012
  4.584397592977e+011 -1.351549910246e+012
  4.584489452443e+011 -1.351546794424e+012
  4.584581311699e+011 -1.351543678540e+012
  4.584673170745e+011 -1.351540562593e+012
  4.584765029580e+011 -1.351537446585e+012
  4.584856888204e+011 -1.351534330515e+012
  4.584948746617e+011 -1.351531214382e+012
  4.585040604819e+011 -1.351528098188e+012
  4.585132462811e+011 -1.351524981931e+012
  4.585224320593e+011 -1.351521865612e+012
  4.585316178163e+011 -1.351518749231e+012
  4.585408035523e+011 -1.351515632789e+012
  4.585499892672e+011 -1.351512516284e+012
  4.585591749610e+011 -1.351509399717e+012
  4.585683606337e+011 -1.351506283087e+012
  4.585775462854e+011 -1.351503166396e+012
  4.585867319160e+011 -1.351500049643e+012
  4.585959175255e+011 -1.351496932828e+012
  4.586051031140e+011 -1.351493815950e+012
  4.586142886814e+011 -1.351490699010e+012
  4.586234742277e+011 -1.351487582009e+012
  4.586326597529e+011 -1.351484464945e+012
  4.586418452570e+011 -1.351481347819e+012
  4.586510307401e+011 -1.351478230631e+012
  4.586602162021e+011 -1.351475113382e+012
  4.586694016430e+011 -1.351471996069e+012
  4.586785870628e+011 -1.351468878695e+012
  4.586877724616e+011 -1.351465761259e+012
  4.586969578392e+011 -1.351462643761e+012
  4.587061431958e+011 -1.351459526201e+012
  4.587153285313e+011 -1.351456408578e+012
  4.587245138458e+011 -1.351453290894e+012
  4.587336991391e+011 -1.351450173147e+012
  4.587428844114e+011 -1.351447055338e+012
  4.587520696626e+011 -1.351443937468e+012
  4.587612548927e+011 -1.351440819535e+012
  4.587704401017e+011 -1.351437701540e+012
  4.587796252896e+011 -1.351434583483e+012
  4.587888104565e+011 -1.351431465364e+012
  4.587979956022e+011 -1.351428347183e+012
  4.588071807269e+011 -1.351425228939e+012
  4.588163658305e+011 -1.351422110634e+012
  4.588255509130e+011 -1.351418992267e+012
  4.588347359744e+011 -1.351415873837e+012
  4.588439210148e+011 -1.351412755346e+012
  4.588531060340e+011 -1.351409636792e+012
  4.588622910322e+011 -1.351406518176e+012
  4.588714760093e+011 -1.351403399498e+012
  4.588806609653e+011 -1.351400280759e+012
  4.588898459002e+011 -1.351397161957e+012
  4.588990308140e+011 -1.351394043093e+012
  4.589082157067e+011 -1.351390924166e+012
  4.589174005783e+011 -1.351387805178e+012
  4.589265854288e+011 -1.351384686128e+012
  4.589357702583e+011 -1.351381567016e+012
  4.589449550667e+011 -1.351378447841e+012
  4.589541398539e+011 -1.351375328605e+012
  4.589633246201e+011 -1.351372209306e+012
  4.589725093652e+011 -1.351369089946e+012
  4.589816940892e+011 -1.351365970523e+012
  4.589908787921e+011 -1.351362851038e+012
  4.590000634739e+011 -1.351359731491e+012
  4.590092481346e+011 -1.351356611882e+012
  4.590184327742e+011 -1.351353492211e+012
  4.590276173927e+011 -1.351350372478e+012
  4.590368019901e+011 -1.351347252683e+012
  4.590459865664e+011 -1.351344132826e+012
  4.590551711217e+011 -1.351341012906e+012
  4.590643556558e+011 -1.351337892925e+012
  4.590735401688e+011 -1.351334772882e+012
  4.590827246608e+011 -1.351331652776e+012
  4.590919091316e+011 -1.351328532608e+012
  4.591010935814e+011 -1.351325412379e+012
  4.591102780100e+011 -1.351322292087e+012
  4.591194624175e+011 -1.351319171733e+012
  4.591286468040e+011 -1.351316051317e+012
  4.591378311693e+011 -1.351312930839e+012
  4.591470155136e+011 -1.351309810299e+012
  4.591561998367e+011 -1.351306689697e+012
  4.591653841388e+011 -1.351303569033e+012
  4.591745684197e+011 -1.351300448306e+012
  4.591837526795e+011 -1.351297327518e+012
  4.591929369183e+011 -1.351294206668e+012
  4.592021211359e+011 -1.351291085755e+012
  4.592113053324e+011 -1.351287964780e+012
  4.592204895079e+011 -1.351284843744e+012
  4.592296736622e+011 -1.351281722645e+012
  4.592388577954e+011 -1.351278601484e+012
  4.592480419075e+011 -1.351275480261e+012
  4.592572259985e+011 -1.351272358976e+012
  4.592664100684e+011 -1.351269237629e+012
  4.592755941172e+011 -1.351266116220e+012
  4.592847781449e+011 -1.351262994749e+012
  4.592939621515e+011 -1.351259873216e+012
  4.593031461369e+011 -1.351256751621e+012
  4.593123301013e+011 -1.351253629963e+012
  4.593215140446e+011 -1.351250508244e+012
  4.593306979667e+011 -1.351247386462e+012
  4.593398818677e+011 -1.351244264619e+012
  4.593490657477e+011 -1.351241142713e+012
  4.593582496065e+011 -1.351238020745e+012
  4.593674334442e+011 -1.351234898716e+012
  4.593766172608e+011 -1.351231776624e+012
  4.593858010563e+011 -1.351228654470e+012
  4.593949848306e+011 -1.351225532254e+012
  4.594041685839e+011 -1.351222409976e+012
  4.594133523161e+011 -1.351219287636e+012
  4.594225360271e+011 -1.351216165233e+012
  4.594317197170e+011 -1.351213042769e+012
  4.594409033858e+011 -1.351209920243e+012
  4.594500870335e+011 -1.351206797654e+012
  4.594592706601e+011 -1.351203675004e+012
  4.594684542655e+011 -1.351200552291e+012
  4.594776378499e+011 -1.351197429517e+012
  4.594868214131e+011 -1.351194306680e+012
  4.594960049552e+011 -1.351191183781e+012
  4.595051884762e+011 -1.351188060820e+012
  4.595143719761e+011 -1.351184937797e+012
  4.595235554549e+011 -1.351181814712e+012
  4.595327389125e+011 -1.351178691565e+012
  4.595419223490e+011 -1.351175568356e+012
  4.595511057644e+011 -1.351172445085e+012
  4.595602891587e+011 -1.351169321752e+012
  4.595694725319e+011 -1.351166198356e+012
  4.595786558839e+011 -1.351163074899e+012
  4.595878392149e+011 -1.351159951380e+012
  4.595970225247e+011 -1.351156827798e+012
  4.596062058134e+011 -1.351153704155e+012
  4.596153890809e+011 -1.351150580449e+012
  4.596245723274e+011 -1.351147456681e+012
  4.596337555527e+011 -1.351144332851e+012
  4.596429387569e+011 -1.351141208960e+012
  4.596521219399e+011 -1.351138085006e+012
  4.596613051019e+011 -1.351134960990e+012
  4.596704882427e+011 -1.351131836912e+012
  4.596796713624e+011 -1.351128712771e+012
  4.596888544610e+011 -1.351125588569e+012
  4.596980375384e+011 -1.351122464305e+012
  4.597072205947e+011 -1.351119339979e+012
  4.597164036299e+011 -1.351116215590e+012
  4.597255866440e+011 -1.351113091140e+012
  4.597347696369e+011 -1.351109966627e+012
  4.597439526087e+011 -1.351106842053e+012
  4.597531355594e+011 -1.351103717416e+012
  4.597623184890e+011 -1.351100592718e+012
  4.597715013974e+011 -1.351097467957e+012
  4.597806842847e+011 -1.351094343134e+012
  4.597898671508e+011 -1.351091218249e+012
  4.597990499959e+011 -1.351088093302e+012
  4.598082328198e+011 -1.351084968293e+012
  4.598174156226e+011 -1.351081843222e+012
  4.598265984042e+011 -1.351078718089e+012
  4.598357811647e+011 -1.351075592894e+012
  4.598449639041e+011 -1.351072467637e+012
  4.598541466223e+011 -1.351069342317e+012
  4.598633293194e+011 -1.351066216936e+012
  4.598725119954e+011 -1.351063091492e+012
  4.598816946502e+011 -1.351059965987e+012
  4.598908772839e+011 -1.351056840419e+012
  4.599000598965e+011 -1.351053714790e+012
  4.599092424880e+011 -1.351050589098e+012
  4.599184250583e+011 -1.351047463344e+012
  4.599276076074e+011 -1.351044337528e+012
  4.599367901354e+011 -1.351041211650e+012
  4.599459726423e+011 -1.351038085710e+012
  4.599551551281e+011 -1.351034959708e+012
  4.599643375927e+011 -1.351031833644e+012
  4.599735200362e+011 -1.351028707518e+012
  4.599827024585e+011 -1.351025581330e+012
  4.599918848597e+011 -1.351022455080e+012
  4.600010672398e+011 -1.351019328768e+012
  4.600102495987e+011 -1.351016202393e+012
  4.600194319365e+011 -1.351013075957e+012
  4.600286142531e+011 -1.351009949458e+012
  4.600377965486e+011 -1.351006822898e+012
  4.600469788229e+011 -1.351003696275e+012
  4.600561610762e+011 -1.351000569590e+012
  4.600653433082e+011 -1.350997442844e+012
  4.600745255192e+011 -1.350994316035e+012
  4.600837077089e+011 -1.350991189164e+012
  4.600928898776e+011 -1.350988062231e+012
  4.601020720251e+011 -1.350984935236e+012
  4.601112541514e+011 -1.350981808179e+012
  4.601204362566e+011 -1.350978681060e+012
  4.601296183407e+011 -1.350975553879e+012
  4.601388004036e+011 -1.350972426636e+012
  4.601479824454e+011 -1.350969299330e+012
  4.601571644660e+011 -1.350966171963e+012
  4.601663464654e+011 -1.350963044534e+012
  4.601755284438e+011 -1.350959917042e+012
  4.601847104009e+011 -1.350956789489e+012
  4.601938923370e+011 -1.350953661873e+012
  4.602030742518e+011 -1.350950534196e+012
  4.602122561456e+011 -1.350947406456e+012
  4.602214380182e+011 -1.350944278654e+012
  4.602306198696e+011 -1.350941150791e+012
  4.602398016999e+011 -1.350938022865e+012
  4.602489835090e+011 -1.350934894877e+012
  4.602581652970e+011 -1.350931766827e+012
  4.602673470638e+011 -1.350928638715e+012
  4.602765288095e+011 -1.350925510541e+012
  4.602857105340e+011 -1.350922382305e+012
  4.602948922374e+011 -1.350919254007e+012
  4.603040739196e+011 -1.350916125646e+012
  4.603132555806e+011 -1.350912997224e+012
  4.603224372205e+011 -1.350909868740e+012
  4.603316188393e+011 -1.350906740193e+012
  4.603408004369e+011 -1.350903611585e+012
  4.603499820133e+011 -1.350900482914e+012
  4.603591635686e+011 -1.350897354182e+012
  4.603683451027e+011 -1.350894225387e+012
  4.603775266157e+011 -1.350891096531e+012
  4.603867081075e+011 -1.350887967612e+012
  4.603958895781e+011 -1.350884838631e+012
  4.604050710276e+011 -1.350881709588e+012
  4.604142524560e+011 -1.350878580483e+012
  4.604234338632e+011 -1.350875451316e+012
  4.604326152492e+011 -1.350872322087e+012
  4.604417966140e+011 -1.350869192796e+012
  4.604509779577e+011 -1.350866063443e+012
  4.604601592803e+011 -1.350862934028e+012
  4.604693405816e+011 -1.350859804551e+012
  4.604785218619e+011 -1.350856675012e+012
  4.604877031209e+011 -1.350853545410e+012
  4.604968843588e+011 -1.350850415747e+012
  4.605060655755e+011 -1.350847286022e+012
  4.605152467711e+011 -1.350844156234e+012
  4.605244279455e+011 -1.350841026385e+012
  4.605336090987e+011 -1.350837896473e+012
  4.605427902308e+011 -1.350834766499e+012
  4.605519713417e+011 -1.350831636464e+012
  4.605611524314e+011 -1.350828506366e+012
  4.605703335000e+011 -1.350825376206e+012
  4.605795145474e+011 -1.350822245984e+012
  4.605886955737e+011 -1.350819115700e+012
  4.605978765787e+011 -1.350815985355e+012
  4.606070575627e+011 -1.350812854947e+012
  4.606162385254e+011 -1.350809724477e+012
  4.606254194670e+011 -1.350806593944e+012
  4.606346003874e+011 -1.350803463350e+012
  4.606437812866e+011 -1.350800332694e+012
  4.606529621647e+011 -1.350797201976e+012
  4.606621430216e+011 -1.350794071196e+012
  4.606713238573e+011 -1.350790940353e+012
  4.606805046718e+011 -1.350787809449e+012
  4.606896854652e+011 -1.350784678482e+012
  4.606988662374e+011 -1.350781547454e+012
  4.607080469885e+011 -1.350778416363e+012
  4.607172277183e+011 -1.350775285211e+012
  4.607264084270e+011 -1.350772153996e+012
  4.607355891145e+011 -1.350769022720e+012
  4.607447697809e+011 -1.350765891381e+012
  4.607539504261e+011 -1.350762759980e+012
  4.607631310501e+011 -1.350759628517e+012
  4.607723116529e+011 -1.350756496992e+012
  4.607814922345e+011 -1.350753365405e+012
  4.607906727950e+011 -1.350750233756e+012
  4.607998533343e+011 -1.350747102045e+012
  4.608090338524e+011 -1.350743970272e+012
  4.608182143493e+011 -1.350740838437e+012
  4.608273948251e+011 -1.350737706540e+012
  4.608365752797e+011 -1.350734574581e+012
  4.608457557131e+011 -1.350731442560e+012
  4.608549361253e+011 -1.350728310476e+012
  4.608641165164e+011 -1.350725178331e+012
  4.608732968862e+011 -1.350722046124e+012
  4.608824772349e+011 -1.350718913854e+012
  4.608916575624e+011 -1.350715781523e+012
  4.609008378688e+011 -1.350712649129e+012
  4.609100181539e+011 -1.350709516673e+012
  4.609191984179e+011 -1.350706384156e+012
  4.609283786606e+011 -1.350703251576e+012
  4.609375588822e+011 -1.350700118934e+012
  4.609467390827e+011 -1.350696986231e+012
  4.609559192619e+011 -1.350693853465e+012
  4.609650994199e+011 -1.350690720637e+012
  4.609742795568e+011 -1.350687587747e+012
  4.609834596725e+011 -1.350684454795e+012
  4.609926397670e+011 -1.350681321781e+012
  4.610018198403e+011 -1.350678188705e+012
  4.610109998924e+011 -1.350675055567e+012
  4.610201799233e+011 -1.350671922367e+012
  4.610293599331e+011 -1.350668789105e+012
  4.610385399216e+011 -1.350665655781e+012
  4.610477198890e+011 -1.350662522394e+012
  4.610568998352e+011 -1.350659388946e+012
  4.610660797602e+011 -1.350656255436e+012
  4.610752596640e+011 -1.350653121863e+012
  4.610844395466e+011 -1.350649988229e+012
  4.610936194081e+011 -1.350646854532e+012
  4.611027992483e+011 -1.350643720774e+012
  4.611119790673e+011 -1.350640586953e+012
  4.611211588652e+011 -1.350637453071e+012
  4.611303386419e+011 -1.350634319126e+012
  4.611395183973e+011 -1.350631185119e+012
  4.611486981316e+011 -1.350628051051e+012
  4.611578778447e+011 -1.350624916920e+012
  4.611670575366e+011 -1.350621782727e+012
  4.611762372073e+011 -1.350618648472e+012
  4.611854168568e+011 -1.350615514155e+012
  4.611945964851e+011 -1.350612379776e+012
  4.612037760922e+011 -1.350609245335e+012
  4.612129556782e+011 -1.350606110832e+012
  4.612221352429e+011 -1.350602976267e+012
  4.612313147864e+011 -1.350599841640e+012
  4.612404943088e+011 -1.350596706951e+012
  4.612496738099e+011 -1.350593572200e+012
  4.612588532898e+011 -1.350590437387e+012
  4.612680327486e+011 -1.350587302511e+012
  4.612772121861e+011 -1.350584167574e+012
  4.612863916025e+011 -1.350581032575e+012
  4.612955709976e+011 -1.350577897513e+012
  4.613047503716e+011 -1.350574762390e+012
  4.613139297243e+011 -1.350571627204e+012
  4.613231090558e+011 -1.350568491957e+012
  4.613322883662e+011 -1.350565356647e+012
  4.613414676553e+011 -1.350562221276e+012
  4.613506469233e+011 -1.350559085842e+012
  4.613598261700e+011 -1.350555950346e+012
  4.613690053956e+011 -1.350552814789e+012
  4.613781845999e+011 -1.350549679169e+012
  4.613873637830e+011 -1.350546543487e+012
  4.613965429450e+011 -1.350543407743e+012
  4.614057220857e+011 -1.350540271937e+012
  4.614149012052e+011 -1.350537136070e+012
  4.614240803035e+011 -1.350534000140e+012
  4.614332593806e+011 -1.350530864148e+012
  4.614424384365e+011 -1.350527728094e+012
  4.614516174712e+011 -1.350524591978e+012
  4.614607964847e+011 -1.350521455799e+012
  4.614699754770e+011 -1.350518319559e+012
  4.614791544481e+011 -1.350515183257e+012
  4.614883333979e+011 -1.350512046893e+012
  4.614975123266e+011 -1.350508910467e+012
  4.615066912341e+011 -1.350505773978e+012
  4.615158701203e+011 -1.350502637428e+012
  4.615250489853e+011 -1.350499500816e+012
  4.615342278291e+011 -1.350496364141e+012
  4.615434066518e+011 -1.350493227405e+012
  4.615525854532e+011 -1.350490090607e+012
  4.615617642334e+011 -1.350486953746e+012
  4.615709429923e+011 -1.350483816824e+012
  4.615801217301e+011 -1.350480679839e+012
  4.615893004466e+011 -1.350477542792e+012
  4.615984791420e+011 -1.350474405684e+012
  4.616076578161e+011 -1.350471268513e+012
  4.616168364690e+011 -1.350468131280e+012
  4.616260151007e+011 -1.350464993986e+012
  4.616351937112e+011 -1.350461856629e+012
  4.616443723005e+011 -1.350458719210e+012
  4.616535508685e+011 -1.350455581729e+012
  4.616627294154e+011 -1.350452444186e+012
  4.616719079410e+011 -1.350449306581e+012
  4.616810864454e+011 -1.350446168914e+012
  4.616902649286e+011 -1.350443031185e+012
  4.616994433905e+011 -1.350439893394e+012
  4.617086218313e+011 -1.350436755541e+012
  4.617178002508e+011 -1.350433617626e+012
  4.617269786491e+011 -1.350430479649e+012
  4.617361570262e+011 -1.350427341610e+012
  4.617453353821e+011 -1.350424203509e+012
  4.617545137168e+011 -1.350421065346e+012
  4.617636920302e+011 -1.350417927120e+012
  4.617728703224e+011 -1.350414788833e+012
  4.617820485934e+011 -1.350411650484e+012
  4.617912268432e+011 -1.350408512073e+012
  4.618004050717e+011 -1.350405373599e+012
  4.618095832791e+011 -1.350402235064e+012
  4.618187614652e+011 -1.350399096466e+012
  4.618279396300e+011 -1.350395957807e+012
  4.618371177737e+011 -1.350392819085e+012
  4.618462958961e+011 -1.350389680302e+012
  4.618554739973e+011 -1.350386541456e+012
  4.618646520773e+011 -1.350383402549e+012
  4.618738301361e+011 -1.350380263579e+012
  4.618830081736e+011 -1.350377124547e+012
  4.618921861899e+011 -1.350373985454e+012
  4.619013641850e+011 -1.350370846298e+012
  4.619105421588e+011 -1.350367707080e+012
  4.619197201114e+011 -1.350364567800e+012
  4.619288980428e+011 -1.350361428459e+012
  4.619380759530e+011 -1.350358289055e+012
  4.619472538419e+011 -1.350355149589e+012
  4.619564317096e+011 -1.350352010061e+012
  4.619656095561e+011 -1.350348870471e+012
  4.619747873813e+011 -1.350345730819e+012
  4.619839651854e+011 -1.350342591105e+012
  4.619931429681e+011 -1.350339451329e+012
  4.620023207297e+011 -1.350336311491e+012
  4.620114984700e+011 -1.350333171591e+012
  4.620206761891e+011 -1.350330031629e+012
  4.620298538870e+011 -1.350326891605e+012
  4.620390315636e+011 -1.350323751519e+012
  4.620482092190e+011 -1.350320611370e+012
  4.620573868531e+011 -1.350317471160e+012
  4.620665644660e+011 -1.350314330888e+012
  4.620757420577e+011 -1.350311190554e+012
  4.620849196282e+011 -1.350308050157e+012
  4.620940971774e+011 -1.350304909699e+012
  4.621032747054e+011 -1.350301769179e+012
  4.621124522121e+011 -1.350298628596e+012
  4.621216296976e+011 -1.350295487952e+012
  4.621308071619e+011 -1.350292347245e+012
  4.621399846049e+011 -1.350289206477e+012
  4.621491620267e+011 -1.350286065647e+012
  4.621583394272e+011 -1.350282924754e+012
  4.621675168066e+011 -1.350279783799e+012
  4.621766941646e+011 -1.350276642783e+012
  4.621858715015e+011 -1.350273501704e+012
  4.621950488171e+011 -1.350270360564e+012
  4.622042261114e+011 -1.350267219361e+012
  4.622134033845e+011 -1.350264078096e+012
  4.622225806364e+011 -1.350260936770e+012
  4.622317578670e+011 -1.350257795381e+012
  4.622409350764e+011 -1.350254653930e+012
  4.622501122645e+011 -1.350251512417e+012
  4.622592894314e+011 -1.350248370843e+012
  4.622684665771e+011 -1.350245229206e+012
  4.622776437015e+011 -1.350242087507e+012
  4.622868208047e+011 -1.350238945746e+012
  4.622959978866e+011 -1.350235803923e+012
  4.623051749473e+011 -1.350232662038e+012
  4.623143519867e+011 -1.350229520091e+012
  4.623235290049e+011 -1.350226378082e+012
  4.623327060018e+011 -1.350223236011e+012
  4.623418829775e+011 -1.350220093878e+012
  4.623510599319e+011 -1.350216951683e+012
  4.623602368651e+011 -1.350213809426e+012
  4.623694137771e+011 -1.350210667107e+012
  4.623785906678e+011 -1.350207524726e+012
  4.623877675372e+011 -1.350204382283e+012
  4.623969443854e+011 -1.350201239778e+012
  4.624061212124e+011 -1.350198097211e+012
  4.624152980181e+011 -1.350194954581e+012
  4.624244748025e+011 -1.350191811890e+012
  4.624336515657e+011 -1.350188669137e+012
  4.624428283077e+011 -1.350185526322e+012
  4.624520050283e+011 -1.350182383444e+012
  4.624611817278e+011 -1.350179240505e+012
  4.624703584060e+011 -1.350176097504e+012
  4.624795350629e+011 -1.350172954440e+012
  4.624887116986e+011 -1.350169811315e+012
  4.624978883130e+011 -1.350166668128e+012
  4.625070649062e+011 -1.350163524878e+012
  4.625162414781e+011 -1.350160381567e+012
  4.625254180287e+011 -1.350157238193e+012
  4.625345945582e+011 -1.350154094758e+012
  4.625437710663e+011 -1.350150951260e+012
  4.625529475532e+011 -1.350147807701e+012
  4.625621240188e+011 -1.350144664079e+012
  4.625713004632e+011 -1.350141520396e+012
  4.625804768863e+011 -1.350138376650e+012
  4.625896532882e+011 -1.350135232843e+012
  4.625988296688e+011 -1.350132088973e+012
  4.626080060281e+011 -1.350128945041e+012
  4.626171823662e+011 -1.350125801048e+012
  4.626263586830e+011 -1.350122656992e+012
  4.626355349786e+011 -1.350119512874e+012
  4.626447112529e+011 -1.350116368695e+012
  4.626538875059e+011 -1.350113224453e+012
  4.626630637377e+011 -1.350110080149e+012
  4.626722399482e+011 -1.350106935783e+012
  4.626814161374e+011 -1.350103791356e+012
  4.626905923054e+011 -1.350100646866e+012
  4.626997684522e+011 -1.350097502314e+012
  4.627089445776e+011 -1.350094357700e+012
  4.627181206818e+011 -1.350091213024e+012
  4.627272967647e+011 -1.350088068286e+012
  4.627364728264e+011 -1.350084923487e+012
  4.627456488668e+011 -1.350081778625e+012
  4.627548248859e+011 -1.350078633701e+012
  4.627640008838e+011 -1.350075488715e+012
  4.627731768604e+011 -1.350072343667e+012
  4.627823528157e+011 -1.350069198557e+012
  4.627915287498e+011 -1.350066053385e+012
  4.628007046626e+011 -1.350062908151e+012
  4.628098805541e+011 -1.350059762855e+012
  4.628190564244e+011 -1.350056617497e+012
  4.628282322734e+011 -1.350053472077e+012
  4.628374081011e+011 -1.350050326595e+012
  4.628465839076e+011 -1.350047181051e+012
  4.628557596927e+011 -1.350044035445e+012
  4.628649354566e+011 -1.350040889776e+012
  4.628741111993e+011 -1.350037744046e+012
  4.628832869206e+011 -1.350034598254e+012
  4.628924626207e+011 -1.350031452400e+012
  4.629016382996e+011 -1.350028306484e+012
  4.629108139571e+011 -1.350025160506e+012
  4.629199895934e+011 -1.350022014465e+012
  4.629291652084e+011 -1.350018868363e+012
  4.629383408021e+011 -1.350015722199e+012
  4.629475163745e+011 -1.350012575973e+012
  4.629566919257e+011 -1.350009429684e+012
  4.629658674556e+011 -1.350006283334e+012
  4.629750429642e+011 -1.350003136922e+012
  4.629842184516e+011 -1.349999990448e+012
  4.629933939177e+011 -1.349996843911e+012
  4.630025693624e+011 -1.349993697313e+012
  4.630117447860e+011 -1.349990550653e+012
  4.630209201882e+011 -1.349987403930e+012
  4.630300955692e+011 -1.349984257146e+012
  4.630392709288e+011 -1.349981110299e+012
  4.630484462672e+011 -1.349977963391e+012
  4.630576215843e+011 -1.349974816421e+012
  4.630667968802e+011 -1.349971669388e+012
  4.630759721547e+011 -1.349968522294e+012
  4.630851474080e+011 -1.349965375137e+012
  4.630943226400e+011 -1.349962227919e+012
  4.631034978507e+011 -1.349959080638e+012
  4.631126730401e+011 -1.349955933296e+012
  4.631218482083e+011 -1.349952785891e+012
  4.631310233552e+011 -1.349949638425e+012
  4.631401984807e+011 -1.349946490896e+012
  4.631493735850e+011 -1.349943343306e+012
  4.631585486680e+011 -1.349940195653e+012
  4.631677237298e+011 -1.349937047939e+012
  4.631768987702e+011 -1.349933900162e+012
  4.631860737894e+011 -1.349930752324e+012
  4.631952487872e+011 -1.349927604423e+012
  4.632044237638e+011 -1.349924456461e+012
  4.632135987191e+011 -1.349921308436e+012
  4.632227736531e+011 -1.349918160349e+012
  4.632319485658e+011 -1.349915012201e+012
  4.632411234573e+011 -1.349911863990e+012
  4.632502983274e+011 -1.349908715718e+012
  4.632594731763e+011 -1.349905567383e+012
  4.632686480038e+011 -1.349902418986e+012
  4.632778228101e+011 -1.349899270528e+012
  4.632869975951e+011 -1.349896122007e+012
  4.632961723588e+011 -1.349892973424e+012
  4.633053471012e+011 -1.349889824780e+012
  4.633145218223e+011 -1.349886676073e+012
  4.633236965221e+011 -1.349883527304e+012
  4.633328712006e+011 -1.349880378474e+012
  4.633420458578e+011 -1.349877229581e+012
  4.633512204938e+011 -1.349874080626e+012
  4.633603951084e+011 -1.349870931609e+012
  4.633695697018e+011 -1.349867782531e+012
  4.633787442738e+011 -1.349864633390e+012
  4.633879188246e+011 -1.349861484187e+012
  4.633970933540e+011 -1.349858334922e+012
  4.634062678622e+011 -1.349855185596e+012
  4.634154423491e+011 -1.349852036207e+012
  4.634246168147e+011 -1.349848886756e+012
  4.634337912589e+011 -1.349845737243e+012
  4.634429656819e+011 -1.349842587669e+012
  4.634521400836e+011 -1.349839438032e+012
  4.634613144640e+011 -1.349836288333e+012
  4.634704888231e+011 -1.349833138572e+012
  4.634796631608e+011 -1.349829988749e+012
  4.634888374773e+011 -1.349826838864e+012
  4.634980117725e+011 -1.349823688918e+012
  4.635071860464e+011 -1.349820538909e+012
  4.635163602990e+011 -1.349817388838e+012
  4.635255345303e+011 -1.349814238705e+012
  4.635347087402e+011 -1.349811088510e+012
  4.635438829289e+011 -1.349807938253e+012
  4.635530570963e+011 -1.349804787935e+012
  4.635622312424e+011 -1.349801637554e+012
  4.635714053671e+011 -1.349798487111e+012
  4.635805794706e+011 -1.349795336606e+012
  4.635897535528e+011 -1.349792186039e+012
  4.635989276136e+011 -1.349789035410e+012
  4.636081016532e+011 -1.349785884719e+012
  4.636172756714e+011 -1.349782733967e+012
  4.636264496684e+011 -1.349779583152e+012
  4.636356236440e+011 -1.349776432275e+012
  4.636447975983e+011 -1.349773281336e+012
  4.636539715313e+011 -1.349770130335e+012
  4.636631454430e+011 -1.349766979272e+012
  4.636723193334e+011 -1.349763828147e+012
  4.636814932025e+011 -1.349760676960e+012
  4.636906670503e+011 -1.349757525711e+012
  4.636998408768e+011 -1.349754374401e+012
  4.637090146820e+011 -1.349751223028e+012
  4.637181884658e+011 -1.349748071593e+012
  4.637273622284e+011 -1.349744920096e+012
  4.637365359696e+011 -1.349741768537e+012
  4.637457096895e+011 -1.349738616916e+012
  4.637548833881e+011 -1.349735465233e+012
  4.637640570654e+011 -1.349732313488e+012
  4.637732307214e+011 -1.349729161681e+012
  4.637824043561e+011 -1.349726009812e+012
  4.637915779694e+011 -1.349722857881e+012
  4.638007515615e+011 -1.349719705889e+012
  4.638099251322e+011 -1.349716553834e+012
  4.638190986816e+011 -1.349713401717e+012
  4.638282722097e+011 -1.349710249538e+012
  4.638374457165e+011 -1.349707097297e+012
  4.638466192020e+011 -1.349703944994e+012
  4.638557926661e+011 -1.349700792629e+012
  4.638649661089e+011 -1.349697640202e+012
  4.638741395305e+011 -1.349694487713e+012
  4.638833129307e+011 -1.349691335162e+012
  4.638924863095e+011 -1.349688182549e+012
  4.639016596671e+011 -1.349685029874e+012
  4.639108330033e+011 -1.349681877138e+012
  4.639200063183e+011 -1.349678724339e+012
  4.639291796119e+011 -1.349675571478e+012
  4.639383528841e+011 -1.349672418555e+012
  4.639475261351e+011 -1.349669265570e+012
  4.639566993647e+011 -1.349666112523e+012
  4.639658725731e+011 -1.349662959414e+012
  4.639750457601e+011 -1.349659806243e+012
  4.639842189257e+011 -1.349656653010e+012
  4.639933920701e+011 -1.349653499715e+012
  4.640025651931e+011 -1.349650346359e+012
  4.640117382948e+011 -1.349647192940e+012
  4.640209113752e+011 -1.349644039459e+012
  4.640300844342e+011 -1.349640885916e+012
  4.640392574720e+011 -1.349637732311e+012
  4.640484304884e+011 -1.349634578644e+012
  4.640576034835e+011 -1.349631424915e+012
  4.640667764572e+011 -1.349628271124e+012
  4.640759494096e+011 -1.349625117272e+012
  4.640851223407e+011 -1.349621963357e+012
  4.640942952505e+011 -1.349618809380e+012
  4.641034681390e+011 -1.349615655341e+012
  4.641126410061e+011 -1.349612501240e+012
  4.641218138519e+011 -1.349609347077e+012
  4.641309866763e+011 -1.349606192852e+012
  4.641401594794e+011 -1.349603038566e+012
  4.641493322612e+011 -1.349599884217e+012
  4.641585050217e+011 -1.349596729806e+012
  4.641676777608e+011 -1.349593575333e+012
  4.641768504786e+011 -1.349590420798e+012
  4.641860231751e+011 -1.349587266202e+012
  4.641951958503e+011 -1.349584111543e+012
  4.642043685041e+011 -1.349580956822e+012
  4.642135411365e+011 -1.349577802039e+012
  4.642227137477e+011 -1.349574647194e+012
  4.642318863375e+011 -1.349571492288e+012
  4.642410589060e+011 -1.349568337319e+012
  4.642502314531e+011 -1.349565182288e+012
  4.642594039789e+011 -1.349562027195e+012
  4.642685764834e+011 -1.349558872041e+012
  4.642777489665e+011 -1.349555716824e+012
  4.642869214283e+011 -1.349552561545e+012
  4.642960938688e+011 -1.349549406204e+012
  4.643052662879e+011 -1.349546250802e+012
  4.643144386857e+011 -1.349543095337e+012
  4.643236110621e+011 -1.349539939810e+012
  4.643327834172e+011 -1.349536784222e+012
  4.643419557510e+011 -1.349533628571e+012
  4.643511280634e+011 -1.349530472858e+012
  4.643603003545e+011 -1.349527317084e+012
  4.643694726242e+011 -1.349524161247e+012
  4.643786448727e+011 -1.349521005348e+012
  4.643878170997e+011 -1.349517849388e+012
  4.643969893054e+011 -1.349514693365e+012
  4.644061614898e+011 -1.349511537280e+012
  4.644153336529e+011 -1.349508381134e+012
  4.644245057946e+011 -1.349505224925e+012
  4.644336779149e+011 -1.349502068655e+012
  4.644428500139e+011 -1.349498912322e+012
  4.644520220916e+011 -1.349495755927e+012
  4.644611941479e+011 -1.349492599471e+012
  4.644703661829e+011 -1.349489442952e+012
  4.644795381966e+011 -1.349486286372e+012
  4.644887101888e+011 -1.349483129729e+012
  4.644978821598e+011 -1.349479973025e+012
  4.645070541094e+011 -1.349476816258e+012
  4.645162260376e+011 -1.349473659430e+012
  4.645253979445e+011 -1.349470502539e+012
  4.645345698301e+011 -1.349467345587e+012
  4.645437416943e+011 -1.349464188572e+012
  4.645529135371e+011 -1.349461031496e+012
  4.645620853587e+011 -1.349457874357e+012
  4.645712571588e+011 -1.349454717157e+012
  4.645804289376e+011 -1.349451559894e+012
  4.645896006951e+011 -1.349448402570e+012
  4.645987724312e+011 -1.349445245184e+012
  4.646079441460e+011 -1.349442087735e+012
  4.646171158394e+011 -1.349438930225e+012
  4.646262875114e+011 -1.349435772653e+012
  4.646354591621e+011 -1.349432615018e+012
  4.646446307915e+011 -1.349429457322e+012
  4.646538023995e+011 -1.349426299563e+012
  4.646629739861e+011 -1.349423141743e+012
  4.646721455514e+011 -1.349419983861e+012
  4.646813170953e+011 -1.349416825917e+012
  4.646904886179e+011 -1.349413667910e+012
  4.646996601191e+011 -1.349410509842e+012
  4.647088315990e+011 -1.349407351712e+012
  4.647180030575e+011 -1.349404193520e+012
  4.647271744947e+011 -1.349401035265e+012
  4.647363459105e+011 -1.349397876949e+012
  4.647455173049e+011 -1.349394718571e+012
  4.647546886780e+011 -1.349391560131e+012
  4.647638600297e+011 -1.349388401629e+012
  4.647730313601e+011 -1.349385243065e+012
  4.647822026691e+011 -1.349382084438e+012
  4.647913739567e+011 -1.349378925750e+012
  4.648005452230e+011 -1.349375767000e+012
  4.648097164679e+011 -1.349372608188e+012
  4.648188876915e+011 -1.349369449314e+012
  4.648280588937e+011 -1.349366290378e+012
  4.648372300745e+011 -1.349363131380e+012
  4.648464012340e+011 -1.349359972320e+012
  4.648555723721e+011 -1.349356813198e+012
  4.648647434889e+011 -1.349353654014e+012
  4.648739145843e+011 -1.349350494768e+012
  4.648830856583e+011 -1.349347335460e+012
  4.648922567110e+011 -1.349344176090e+012
  4.649014277423e+011 -1.349341016658e+012
  4.649105987522e+011 -1.349337857164e+012
  4.649197697408e+011 -1.349334697608e+012
  4.649289407080e+011 -1.349331537991e+012
  4.649381116538e+011 -1.349328378311e+012
  4.649472825783e+011 -1.349325218569e+012
  4.649564534814e+011 -1.349322058765e+012
  4.649656243631e+011 -1.349318898899e+012
  4.649747952235e+011 -1.349315738972e+012
  4.649839660625e+011 -1.349312578982e+012
  4.649931368801e+011 -1.349309418930e+012
  4.650023076764e+011 -1.349306258816e+012
  4.650114784513e+011 -1.349303098641e+012
  4.650206492048e+011 -1.349299938403e+012
  4.650298199370e+011 -1.349296778103e+012
  4.650389906477e+011 -1.349293617742e+012
  4.650481613372e+011 -1.349290457318e+012
  4.650573320052e+011 -1.349287296832e+012
  4.650665026519e+011 -1.349284136285e+012
  4.650756732771e+011 -1.349280975675e+012
  4.650848438811e+011 -1.349277815004e+012
  4.650940144636e+011 -1.349274654270e+012
  4.651031850248e+011 -1.349271493475e+012
  4.651123555646e+011 -1.349268332617e+012
  4.651215260830e+011 -1.349265171698e+012
  4.651306965801e+011 -1.349262010716e+012
  4.651398670557e+011 -1.349258849673e+012
  4.651490375100e+011 -1.349255688568e+012
  4.651582079429e+011 -1.349252527400e+012
  4.651673783545e+011 -1.349249366171e+012
  4.651765487447e+011 -1.349246204879e+012
  4.651857191134e+011 -1.349243043526e+012
  4.651948894609e+011 -1.349239882111e+012
  4.652040597869e+011 -1.349236720634e+012
  4.652132300915e+011 -1.349233559094e+012
  4.652224003748e+011 -1.349230397493e+012
  4.652315706367e+011 -1.349227235830e+012
  4.652407408772e+011 -1.349224074105e+012
  4.652499110964e+011 -1.349220912318e+012
  4.652590812941e+011 -1.349217750468e+012
  4.652682514705e+011 -1.349214588557e+012
  4.652774216255e+011 -1.349211426584e+012
  4.652865917591e+011 -1.349208264549e+012
  4.652957618713e+011 -1.349205102452e+012
  4.653049319622e+011 -1.349201940293e+012
  4.653141020316e+011 -1.349198778072e+012
  4.653232720797e+011 -1.349195615789e+012
  4.653324421064e+011 -1.349192453444e+012
  4.653416121117e+011 -1.349189291037e+012
  4.653507820956e+011 -1.349186128568e+012
  4.653599520581e+011 -1.349182966037e+012
  4.653691219993e+011 -1.349179803445e+012
  4.653782919190e+011 -1.349176640790e+012
  4.653874618174e+011 -1.349173478073e+012
  4.653966316944e+011 -1.349170315294e+012
  4.654058015500e+011 -1.349167152453e+012
  4.654149713842e+011 -1.349163989551e+012
  4.654241411970e+011 -1.349160826586e+012
  4.654333109885e+011 -1.349157663559e+012
  4.654424807585e+011 -1.349154500471e+012
  4.654516505072e+011 -1.349151337320e+012
  4.654608202344e+011 -1.349148174107e+012
  4.654699899403e+011 -1.349145010833e+012
  4.654791596248e+011 -1.349141847496e+012
  4.654883292879e+011 -1.349138684098e+012
  4.654974989296e+011 -1.349135520637e+012
  4.655066685499e+011 -1.349132357115e+012
  4.655158381488e+011 -1.349129193530e+012
  4.655250077263e+011 -1.349126029884e+012
  4.655341772825e+011 -1.349122866176e+012
  4.655433468172e+011 -1.349119702405e+012
  4.655525163305e+011 -1.349116538573e+012
  4.655616858225e+011 -1.349113374679e+012
  4.655708552930e+011 -1.349110210722e+012
  4.655800247422e+011 -1.349107046704e+012
  4.655891941699e+011 -1.349103882624e+012
  4.655983635763e+011 -1.349100718482e+012
  4.656075329613e+011 -1.349097554277e+012
  4.656167023248e+011 -1.349094390011e+012
  4.656258716670e+011 -1.349091225683e+012
  4.656350409878e+011 -1.349088061293e+012
  4.656442102871e+011 -1.349084896841e+012
  4.656533795651e+011 -1.349081732327e+012
  4.656625488217e+011 -1.349078567751e+012
  4.656717180569e+011 -1.349075403113e+012
  4.656808872706e+011 -1.349072238413e+012
  4.656900564630e+011 -1.349069073651e+012
  4.656992256340e+011 -1.349065908827e+012
  4.657083947835e+011 -1.349062743942e+012
  4.657175639117e+011 -1.349059578994e+012
