  2.788797638541e+003  1.032659066580e+004
  5.577415546855e+003  2.065322836885e+004
  8.365853732849e+003  3.097991310235e+004
  1.115411220443e+004  4.130664485949e+004
  1.394219096952e+004  5.163342363347e+004
  1.673009003604e+004  6.196024941748e+004
  1.951780941190e+004  7.228712220473e+004
  2.230534910502e+004  8.261404198843e+004
  2.509270912335e+004  9.294100876178e+004
  2.787988947480e+004  1.032680225180e+005
  3.066689016732e+004  1.135950832503e+005
  3.345371120885e+004  1.239221909519e+005
  3.624035260732e+004  1.342493456161e+005
  3.902681437069e+004  1.445765472360e+005
  4.181309650690e+004  1.549037958049e+005
  4.459919902391e+004  1.652310913161e+005
  4.738512192967e+004  1.755584337627e+005
  5.017086523215e+004  1.858858231380e+005
  5.295642893930e+004  1.962132594353e+005
  5.574181305910e+004  2.065407426478e+005
  5.852701759952e+004  2.168682727687e+005
  6.131204256854e+004  2.271958497914e+005
  6.409688797412e+004  2.375234737090e+005
  6.688155382425e+004  2.478511445148e+005
  6.966604012692e+004  2.581788622022e+005
  7.245034689012e+004  2.685066267643e+005
  7.523447412183e+004  2.788344381944e+005
  7.801842183006e+004  2.891622964859e+005
  8.080219002281e+004  2.994902016320e+005
  8.358577870806e+004  3.098181536259e+005
  8.636918789385e+004  3.201461524611e+005
  8.915241758816e+004  3.304741981307e+005
  9.193546779902e+004  3.408022906280e+005
  9.471833853445e+004  3.511304299464e+005
  9.750102980246e+004  3.614586160792e+005
  1.002835416111e+005  3.717868490196e+005
  1.030658739683e+005  3.821151287610e+005
  1.058480268822e+005  3.924434552966e+005
  1.086300003609e+005  4.027718286199e+005
  1.114117944122e+005  4.131002487241e+005
  1.141934090444e+005  4.234287156025e+005
  1.169748442653e+005  4.337572292485e+005
  1.197561000832e+005  4.440857896554e+005
  1.225371765059e+005  4.544143968165e+005
  1.253180735417e+005  4.647430507251e+005
  1.280987911985e+005  4.750717513747e+005
  1.308793294844e+005  4.854004987585e+005
  1.336596884075e+005  4.957292928699e+005
  1.364398679758e+005  5.060581337023e+005
  1.392198681974e+005  5.163870212490e+005
  1.419996890804e+005  5.267159555033e+005
  1.447793306329e+005  5.370449364586e+005
  1.475587928629e+005  5.473739641084e+005
  1.503380757786e+005  5.577030384459e+005
  1.531171793880e+005  5.680321594645e+005
  1.558961036992e+005  5.783613271576e+005
  1.586748487204e+005  5.886905415186e+005
  1.614534144595e+005  5.990198025409e+005
  1.642318009248e+005  6.093491102179e+005
  1.670100081244e+005  6.196784645428e+005
  1.697880360663e+005  6.300078655093e+005
  1.725658847586e+005  6.403373131105e+005
  1.753435542096e+005  6.506668073400e+005
  1.781210444272e+005  6.609963481912e+005
  1.808983554197e+005  6.713259356574e+005
  1.836754871951e+005  6.816555697321e+005
  1.864524397616e+005  6.919852504086e+005
  1.892292131273e+005  7.023149776805e+005
  1.920058073004e+005  7.126447515410e+005
  1.947822222890e+005  7.229745719838e+005
  1.975584581013e+005  7.333044390021e+005
  2.003345147454e+005  7.436343525894e+005
  2.031103922294e+005  7.539643127392e+005
  2.058860905615e+005  7.642943194448e+005
  2.086616097499e+005  7.746243726998e+005
  2.114369498028e+005  7.849544724976e+005
  2.142121107282e+005  7.952846188316e+005
  2.169870925344e+005  8.056148116954e+005
  2.197618952296e+005  8.159450510822e+005
  2.225365188219e+005  8.262753369857e+005
  2.253109633195e+005  8.366056693993e+005
  2.280852287306e+005  8.469360483165e+005
  2.308593150633e+005  8.572664737306e+005
  2.336332223259e+005  8.675969456353e+005
  2.364069505266e+005  8.779274640239e+005
  2.391804996736e+005  8.882580288901e+005
  2.419538697750e+005  8.985886402272e+005
  2.447270608391e+005  9.089192980287e+005
  2.475000728740e+005  9.192500022882e+005
  2.502729058881e+005  9.295807529992e+005
  2.530455598894e+005  9.399115501551e+005
  2.558180348863e+005  9.502423937494e+005
  2.585903308869e+005  9.605732837757e+005
  2.613624478994e+005  9.709042202276e+005
  2.641343859322e+005  9.812352030984e+005
  2.669061449934e+005  9.915662323817e+005
  2.696777250913e+005  1.001897308071e+006
  2.724491262340e+005  1.012228430160e+006
  2.752203484299e+005  1.022559598642e+006
  2.779913916872e+005  1.032890813511e+006
  2.807622560142e+005  1.043222074760e+006
  2.835329414190e+005  1.053553382383e+006
  2.863034479100e+005  1.063884736373e+006
  2.890737754953e+005  1.074216136723e+006
  2.918439241834e+005  1.084547583428e+006
  2.946138939824e+005  1.094879076482e+006
  2.973836849006e+005  1.105210615876e+006
  3.001532969463e+005  1.115542201606e+006
  3.029227301277e+005  1.125873833664e+006
  3.056919844532e+005  1.136205512045e+006
  3.084610599310e+005  1.146537236741e+006
  3.112299565694e+005  1.156869007747e+006
  3.139986743767e+005  1.167200825056e+006
  3.167672133612e+005  1.177532688661e+006
  3.195355735311e+005  1.187864598557e+006
  3.223037548949e+005  1.198196554736e+006
  3.250717574608e+005  1.208528557192e+006
  3.278395812370e+005  1.218860605920e+006
  3.306072262320e+005  1.229192700912e+006
  3.333746924539e+005  1.239524842162e+006
  3.361419799113e+005  1.249857029664e+006
  3.389090886122e+005  1.260189263411e+006
  3.416760185652e+005  1.270521543398e+006
  3.444427697785e+005  1.280853869617e+006
  3.472093422604e+005  1.291186242062e+006
  3.499757360193e+005  1.301518660727e+006
  3.527419510635e+005  1.311851125606e+006
  3.555079874013e+005  1.322183636692e+006
  3.582738450412e+005  1.332516193979e+006
  3.610395239914e+005  1.342848797460e+006
  3.638050242603e+005  1.353181447130e+006
  3.665703458562e+005  1.363514142981e+006
  3.693354887876e+005  1.373846885008e+006
  3.721004530627e+005  1.384179673204e+006
  3.748652386899e+005  1.394512507562e+006
  3.776298456777e+005  1.404845388077e+006
  3.803942740343e+005  1.415178314743e+006
  3.831585237682e+005  1.425511287552e+006
  3.859225948877e+005  1.435844306498e+006
  3.886864874012e+005  1.446177371576e+006
  3.914502013171e+005  1.456510482779e+006
  3.942137366437e+005  1.466843640100e+006
  3.969770933896e+005  1.477176843534e+006
  3.997402715629e+005  1.487510093073e+006
  4.025032711723e+005  1.497843388712e+006
  4.052660922260e+005  1.508176730445e+006
  4.080287347325e+005  1.518510118264e+006
  4.107911987001e+005  1.528843552165e+006
  4.135534841374e+005  1.539177032140e+006
  4.163155910526e+005  1.549510558183e+006
  4.190775194542e+005  1.559844130289e+006
  4.218392693507e+005  1.570177748450e+006
  4.246008407504e+005  1.580511412660e+006
  4.273622336619e+005  1.590845122914e+006
  4.301234480934e+005  1.601178879205e+006
  4.328844840535e+005  1.611512681526e+006
  4.356453415506e+005  1.621846529872e+006
  4.384060205931e+005  1.632180424236e+006
  4.411665211895e+005  1.642514364612e+006
  4.439268433482e+005  1.652848350994e+006
  4.466869870777e+005  1.663182383375e+006
  4.494469523865e+005  1.673516461750e+006
  4.522067392829e+005  1.683850586111e+006
  4.549663477754e+005  1.694184756454e+006
  4.577257778726e+005  1.704518972771e+006
  4.604850295828e+005  1.714853235056e+006
  4.632441029146e+005  1.725187543304e+006
  4.660029978764e+005  1.735521897508e+006
  4.687617144767e+005  1.745856297661e+006
  4.715202527240e+005  1.756190743758e+006
  4.742786126268e+005  1.766525235793e+006
  4.770367941935e+005  1.776859773758e+006
  4.797947974326e+005  1.787194357649e+006
  4.825526223527e+005  1.797528987458e+006
  4.853102689622e+005  1.807863663181e+006
  4.880677372697e+005  1.818198384809e+006
  4.908250272835e+005  1.828533152338e+006
  4.935821390124e+005  1.838867965762e+006
  4.963390724646e+005  1.849202825073e+006
  4.990958276489e+005  1.859537730266e+006
  5.018524045736e+005  1.869872681334e+006
  5.046088032473e+005  1.880207678273e+006
  5.073650236786e+005  1.890542721074e+006
  5.101210658758e+005  1.900877809733e+006
  5.128769298477e+005  1.911212944243e+006
  5.156326156027e+005  1.921548124598e+006
  5.183881231493e+005  1.931883350792e+006
  5.211434524962e+005  1.942218622818e+006
  5.238986036517e+005  1.952553940671e+006
  5.266535766246e+005  1.962889304345e+006
  5.294083714232e+005  1.973224713833e+006
  5.321629880563e+005  1.983560169129e+006
  5.349174265322e+005  1.993895670227e+006
  5.376716868597e+005  2.004231217122e+006
  5.404257690472e+005  2.014566809806e+006
  5.431796731034e+005  2.024902448274e+006
  5.459333990367e+005  2.035238132520e+006
  5.486869468558e+005  2.045573862537e+006
  5.514403165692e+005  2.055909638321e+006
  5.541935081856e+005  2.066245459863e+006
  5.569465217134e+005  2.076581327159e+006
  5.596993571613e+005  2.086917240203e+006
  5.624520145379e+005  2.097253198987e+006
  5.652044938518e+005  2.107589203507e+006
  5.679567951115e+005  2.117925253756e+006
  5.707089183256e+005  2.128261349729e+006
  5.734608635028e+005  2.138597491418e+006
  5.762126306517e+005  2.148933678818e+006
  5.789642197808e+005  2.159269911923e+006
  5.817156308988e+005  2.169606190728e+006
  5.844668640143e+005  2.179942515225e+006
  5.872179191359e+005  2.190278885409e+006
  5.899687962722e+005  2.200615301273e+006
  5.927194954319e+005  2.210951762813e+006
  5.954700166235e+005  2.221288270021e+006
  5.982203598558e+005  2.231624822893e+006
  6.009705251373e+005  2.241961421421e+006
  6.037205124766e+005  2.252298065599e+006
  6.064703218825e+005  2.262634755423e+006
  6.092199533636e+005  2.272971490885e+006
  6.119694069284e+005  2.283308271980e+006
  6.147186825857e+005  2.293645098702e+006
  6.174677803441e+005  2.303981971044e+006
  6.202167002122e+005  2.314318889002e+006
  6.229654421988e+005  2.324655852568e+006
  6.257140063124e+005  2.334992861737e+006
  6.284623925618e+005  2.345329916503e+006
  6.312106009556e+005  2.355667016860e+006
  6.339586315025e+005  2.366004162801e+006
  6.367064842111e+005  2.376341354322e+006
  6.394541590902e+005  2.386678591416e+006
  6.422016561484e+005  2.397015874077e+006
  6.449489753944e+005  2.407353202299e+006
  6.476961168369e+005  2.417690576076e+006
  6.504430804845e+005  2.428027995403e+006
  6.531898663460e+005  2.438365460273e+006
  6.559364744301e+005  2.448702970680e+006
  6.586829047455e+005  2.459040526619e+006
  6.614291573008e+005  2.469378128083e+006
  6.641752321048e+005  2.479715775067e+006
  6.669211291662e+005  2.490053467564e+006
  6.696668484937e+005  2.500391205570e+006
  6.724123900960e+005  2.510728989077e+006
  6.751577539818e+005  2.521066818080e+006
  6.779029401599e+005  2.531404692574e+006
  6.806479486389e+005  2.541742612551e+006
  6.833927794277e+005  2.552080578007e+006
  6.861374325349e+005  2.562418588935e+006
  6.888819079693e+005  2.572756645330e+006
  6.916262057395e+005  2.583094747186e+006
  6.943703258545e+005  2.593432894496e+006
  6.971142683228e+005  2.603771087255e+006
  6.998580331533e+005  2.614109325458e+006
  7.026016203546e+005  2.624447609097e+006
  7.053450299356e+005  2.634785938168e+006
  7.080882619050e+005  2.645124312665e+006
  7.108313162716e+005  2.655462732581e+006
  7.135741930440e+005  2.665801197910e+006
  7.163168922312e+005  2.676139708648e+006
  7.190594138418e+005  2.686478264788e+006
  7.218017578847e+005  2.696816866324e+006
  7.245439243685e+005  2.707155513251e+006
  7.272859133021e+005  2.717494205562e+006
  7.300277246943e+005  2.727832943253e+006
  7.327693585539e+005  2.738171726316e+006
  7.355108148895e+005  2.748510554746e+006
  7.382520937101e+005  2.758849428538e+006
  7.409931950244e+005  2.769188347685e+006
  7.437341188413e+005  2.779527312182e+006
  7.464748651694e+005  2.789866322024e+006
  7.492154340177e+005  2.800205377203e+006
  7.519558253948e+005  2.810544477715e+006
  7.546960393097e+005  2.820883623553e+006
  7.574360757712e+005  2.831222814712e+006
  7.601759347880e+005  2.841562051187e+006
  7.629156163690e+005  2.851901332970e+006
  7.656551205230e+005  2.862240660058e+006
  7.683944472588e+005  2.872580032443e+006
  7.711335965853e+005  2.882919450120e+006
  7.738725685112e+005  2.893258913083e+006
  7.766113630455e+005  2.903598421327e+006
  7.793499801969e+005  2.913937974845e+006
  7.820884199743e+005  2.924277573633e+006
  7.848266823865e+005  2.934617217684e+006
  7.875647674424e+005  2.944956906992e+006
  7.903026751509e+005  2.955296641553e+006
  7.930404055207e+005  2.965636421359e+006
  7.957779585607e+005  2.975976246406e+006
  7.985153342799e+005  2.986316116688e+006
  8.012525326870e+005  2.996656032198e+006
  8.039895537909e+005  3.006995992932e+006
  8.067263976006e+005  3.017335998884e+006
  8.094630641247e+005  3.027676050047e+006
  8.121995533723e+005  3.038016146416e+006
  8.149358653523e+005  3.048356287986e+006
  8.176720000734e+005  3.058696474751e+006
  8.204079575445e+005  3.069036706705e+006
  8.231437377747e+005  3.079376983842e+006
  8.258793407726e+005  3.089717306157e+006
  8.286147665473e+005  3.100057673645e+006
  8.313500151077e+005  3.110398086298e+006
  8.340850864625e+005  3.120738544113e+006
  8.368199806208e+005  3.131079047082e+006
  8.395546975914e+005  3.141419595201e+006
  8.422892373833e+005  3.151760188464e+006
  8.450236000053e+005  3.162100826865e+006
  8.477577854664e+005  3.172441510398e+006
  8.504917937754e+005  3.182782239059e+006
  8.532256249414e+005  3.193123012840e+006
  8.559592789731e+005  3.203463831738e+006
  8.586927558796e+005  3.213804695745e+006
  8.614260556698e+005  3.224145604857e+006
  8.641591783526e+005  3.234486559067e+006
  8.668921239369e+005  3.244827558371e+006
  8.696248924317e+005  3.255168602762e+006
  8.723574838459e+005  3.265509692236e+006
  8.750898981884e+005  3.275850826785e+006
  8.778221354683e+005  3.286192006406e+006
  8.805541956944e+005  3.296533231092e+006
  8.832860788757e+005  3.306874500837e+006
  8.860177850211e+005  3.317215815636e+006
  8.887493141397e+005  3.327557175484e+006
  8.914806662403e+005  3.337898580374e+006
  8.942118413320e+005  3.348240030302e+006
  8.969428394237e+005  3.358581525262e+006
  8.996736605243e+005  3.368923065248e+006
  9.024043046429e+005  3.379264650255e+006
  9.051347717885e+005  3.389606280276e+006
  9.078650619699e+005  3.399947955307e+006
  9.105951751962e+005  3.410289675343e+006
  9.133251114764e+005  3.420631440376e+006
  9.160548708194e+005  3.430973250403e+006
  9.187844532343e+005  3.441315105417e+006
  9.215138587300e+005  3.451657005413e+006
  9.242430873156e+005  3.461998950385e+006
  9.269721390000e+005  3.472340940328e+006
  9.297010137922e+005  3.482682975237e+006
  9.324297117013e+005  3.493025055105e+006
  9.351582327362e+005  3.503367179928e+006
  9.378865769060e+005  3.513709349700e+006
  9.406147442196e+005  3.524051564414e+006
  9.433427346862e+005  3.534393824067e+006
  9.460705483146e+005  3.544736128652e+006
  9.487981851140e+005  3.555078478164e+006
  9.515256450934e+005  3.565420872598e+006
  9.542529282617e+005  3.575763311947e+006
  9.569800346281e+005  3.586105796207e+006
  9.597069642015e+005  3.596448325372e+006
  9.624337169911e+005  3.606790899436e+006
  9.651602930057e+005  3.617133518395e+006
  9.678866922545e+005  3.627476182242e+006
  9.706129147466e+005  3.637818890972e+006
  9.733389604909e+005  3.648161644580e+006
  9.760648294966e+005  3.658504443061e+006
  9.787905217726e+005  3.668847286408e+006
  9.815160373281e+005  3.679190174617e+006
  9.842413761721e+005  3.689533107682e+006
  9.869665383136e+005  3.699876085597e+006
  9.896915237618e+005  3.710219108358e+006
  9.924163325256e+005  3.720562175958e+006
  9.951409646143e+005  3.730905288393e+006
  9.978654200367e+005  3.741248445657e+006
  1.000589698802e+006  3.751591647744e+006
  1.003313800920e+006  3.761934894650e+006
  1.006037726398e+006  3.772278186368e+006
  1.008761475247e+006  3.782621522894e+006
  1.011485047475e+006  3.792964904222e+006
  1.014208443091e+006  3.803308330347e+006
  1.016931662105e+006  3.813651801262e+006
  1.019654704525e+006  3.823995316964e+006
  1.022377570361e+006  3.834338877447e+006
  1.025100259622e+006  3.844682482704e+006
  1.027822772316e+006  3.855026132731e+006
  1.030545108454e+006  3.865369827523e+006
  1.033267268044e+006  3.875713567074e+006
  1.035989251094e+006  3.886057351379e+006
  1.038711057616e+006  3.896401180433e+006
  1.041432687616e+006  3.906745054229e+006
  1.044154141105e+006  3.917088972764e+006
  1.046875418092e+006  3.927432936030e+006
  1.049596518586e+006  3.937776944024e+006
  1.052317442596e+006  3.948120996740e+006
  1.055038190131e+006  3.958465094173e+006
  1.057758761200e+006  3.968809236316e+006
  1.060479155812e+006  3.979153423166e+006
  1.063199373977e+006  3.989497654716e+006
  1.065919415703e+006  3.999841930962e+006
  1.068639281001e+006  4.010186251898e+006
  1.071358969878e+006  4.020530617518e+006
  1.074078482345e+006  4.030875027819e+006
  1.076797818409e+006  4.041219482793e+006
  1.079516978082e+006  4.051563982436e+006
  1.082235961370e+006  4.061908526743e+006
  1.084954768285e+006  4.072253115709e+006
  1.087673398835e+006  4.082597749327e+006
  1.090391853028e+006  4.092942427594e+006
  1.093110130875e+006  4.103287150503e+006
  1.095828232384e+006  4.113631918050e+006
  1.098546157566e+006  4.123976730229e+006
  1.101263906427e+006  4.134321587035e+006
  1.103981478979e+006  4.144666488462e+006
  1.106698875230e+006  4.155011434506e+006
  1.109416095190e+006  4.165356425162e+006
  1.112133138867e+006  4.175701460423e+006
  1.114850006271e+006  4.186046540286e+006
  1.117566697411e+006  4.196391664744e+006
  1.120283212296e+006  4.206736833793e+006
  1.122999550936e+006  4.217082047426e+006
  1.125715713339e+006  4.227427305640e+006
  1.128431699515e+006  4.237772608429e+006
  1.131147509473e+006  4.248117955788e+006
  1.133863143222e+006  4.258463347711e+006
  1.136578600772e+006  4.268808784193e+006
  1.139293882131e+006  4.279154265229e+006
  1.142008987309e+006  4.289499790815e+006
  1.144723916316e+006  4.299845360944e+006
  1.147438669160e+006  4.310190975612e+006
  1.150153245850e+006  4.320536634814e+006
  1.152867646397e+006  4.330882338544e+006
  1.155581870808e+006  4.341228086797e+006
  1.158295919094e+006  4.351573879568e+006
  1.161009791263e+006  4.361919716853e+006
  1.163723487325e+006  4.372265598645e+006
  1.166437007290e+006  4.382611524939e+006
  1.169150351165e+006  4.392957495732e+006
  1.171863518962e+006  4.403303511017e+006
  1.174576510688e+006  4.413649570789e+006
  1.177289326353e+006  4.423995675043e+006
  1.180001965966e+006  4.434341823775e+006
  1.182714429537e+006  4.444688016979e+006
  1.185426717076e+006  4.455034254649e+006
  1.188138828590e+006  4.465380536782e+006
  1.190850764090e+006  4.475726863371e+006
  1.193562523584e+006  4.486073234412e+006
  1.196274107083e+006  4.496419649900e+006
  1.198985514594e+006  4.506766109829e+006
  1.201696746129e+006  4.517112614194e+006
  1.204407801695e+006  4.527459162991e+006
  1.207118681302e+006  4.537805756215e+006
  1.209829384960e+006  4.548152393859e+006
  1.212539912678e+006  4.558499075920e+006
  1.215250264465e+006  4.568845802392e+006
  1.217960440330e+006  4.579192573271e+006
  1.220670440282e+006  4.589539388550e+006
  1.223380264332e+006  4.599886248226e+006
  1.226089912488e+006  4.610233152293e+006
  1.228799384760e+006  4.620580100745e+006
  1.231508681156e+006  4.630927093579e+006
  1.234217801687e+006  4.641274130789e+006
  1.236926746361e+006  4.651621212370e+006
  1.239635515188e+006  4.661968338317e+006
  1.242344108177e+006  4.672315508624e+006
  1.245052525338e+006  4.682662723288e+006
  1.247760766680e+006  4.693009982303e+006
  1.250468832212e+006  4.703357285664e+006
  1.253176721943e+006  4.713704633366e+006
  1.255884435884e+006  4.724052025405e+006
  1.258591974042e+006  4.734399461774e+006
  1.261299336428e+006  4.744746942469e+006
  1.264006523051e+006  4.755094467486e+006
  1.266713533921e+006  4.765442036819e+006
  1.269420369046e+006  4.775789650463e+006
  1.272127028435e+006  4.786137308414e+006
  1.274833512100e+006  4.796485010666e+006
  1.277539820047e+006  4.806832757214e+006
  1.280245952288e+006  4.817180548054e+006
  1.282951908832e+006  4.827528383181e+006
  1.285657689687e+006  4.837876262589e+006
  1.288363294863e+006  4.848224186274e+006
  1.291068724370e+006  4.858572154231e+006
  1.293773978217e+006  4.868920166455e+006
  1.296479056413e+006  4.879268222940e+006
  1.299183958968e+006  4.889616323683e+006
  1.301888685890e+006  4.899964468678e+006
  1.304593237191e+006  4.910312657921e+006
  1.307297612878e+006  4.920660891406e+006
  1.310001812961e+006  4.931009169128e+006
  1.312705837450e+006  4.941357491083e+006
  1.315409686354e+006  4.951705857266e+006
  1.318113359682e+006  4.962054267672e+006
  1.320816857444e+006  4.972402722296e+006
  1.323520179650e+006  4.982751221133e+006
  1.326223326308e+006  4.993099764179e+006
  1.328926297428e+006  5.003448351428e+006
  1.331629093020e+006  5.013796982876e+006
  1.334331713092e+006  5.024145658517e+006
  1.337034157655e+006  5.034494378348e+006
  1.339736426718e+006  5.044843142362e+006
  1.342438520289e+006  5.055191950556e+006
  1.345140438380e+006  5.065540802925e+006
  1.347842180998e+006  5.075889699463e+006
  1.350543748154e+006  5.086238640166e+006
  1.353245139856e+006  5.096587625029e+006
  1.355946356115e+006  5.106936654048e+006
  1.358647396940e+006  5.117285727217e+006
  1.361348262339e+006  5.127634844531e+006
  1.364048952324e+006  5.137984005986e+006
  1.366749466903e+006  5.148333211578e+006
  1.369449806085e+006  5.158682461301e+006
  1.372149969880e+006  5.169031755150e+006
  1.374849958297e+006  5.179381093121e+006
  1.377549771347e+006  5.189730475209e+006
  1.380249409037e+006  5.200079901409e+006
  1.382948871379e+006  5.210429371717e+006
  1.385648158381e+006  5.220778886128e+006
  1.388347270053e+006  5.231128444636e+006
  1.391046206403e+006  5.241478047238e+006
  1.393744967443e+006  5.251827693928e+006
  1.396443553181e+006  5.262177384702e+006
  1.399141963626e+006  5.272527119555e+006
  1.401840198789e+006  5.282876898483e+006
  1.404538258678e+006  5.293226721480e+006
  1.407236143303e+006  5.303576588541e+006
  1.409933852674e+006  5.313926499663e+006
  1.412631386800e+006  5.324276454841e+006
  1.415328745691e+006  5.334626454069e+006
  1.418025929355e+006  5.344976497343e+006
  1.420722937803e+006  5.355326584659e+006
  1.423419771045e+006  5.365676716011e+006
  1.426116429088e+006  5.376026891396e+006
  1.428812911944e+006  5.386377110808e+006
  1.431509219622e+006  5.396727374242e+006
  1.434205352130e+006  5.407077681694e+006
  1.436901309480e+006  5.417428033160e+006
  1.439597091679e+006  5.427778428634e+006
  1.442292698738e+006  5.438128868113e+006
  1.444988130666e+006  5.448479351591e+006
  1.447683387473e+006  5.458829879063e+006
  1.450378469168e+006  5.469180450526e+006
  1.453073375761e+006  5.479531065974e+006
  1.455768107261e+006  5.489881725403e+006
  1.458462663678e+006  5.500232428808e+006
  1.461157045021e+006  5.510583176184e+006
  1.463851251300e+006  5.520933967528e+006
  1.466545282525e+006  5.531284802834e+006
  1.469239138704e+006  5.541635682098e+006
  1.471932819849e+006  5.551986605314e+006
  1.474626325967e+006  5.562337572480e+006
  1.477319657068e+006  5.572688583589e+006
  1.480012813163e+006  5.583039638638e+006
  1.482705794261e+006  5.593390737622e+006
  1.485398600371e+006  5.603741880536e+006
  1.488091231503e+006  5.614093067375e+006
  1.490783687666e+006  5.624444298136e+006
  1.493475968870e+006  5.634795572813e+006
  1.496168075125e+006  5.645146891402e+006
  1.498860006440e+006  5.655498253898e+006
  1.501551762824e+006  5.665849660297e+006
  1.504243344288e+006  5.676201110595e+006
  1.506934750840e+006  5.686552604786e+006
  1.509625982491e+006  5.696904142867e+006
  1.512317039250e+006  5.707255724832e+006
  1.515007921127e+006  5.717607350678e+006
  1.517698628131e+006  5.727959020399e+006
  1.520389160271e+006  5.738310733992e+006
  1.523079517558e+006  5.748662491451e+006
  1.525769700001e+006  5.759014292772e+006
  1.528459707609e+006  5.769366137951e+006
  1.531149540393e+006  5.779718026983e+006
  1.533839198361e+006  5.790069959863e+006
  1.536528681524e+006  5.800421936588e+006
  1.539217989890e+006  5.810773957153e+006
  1.541907123471e+006  5.821126021552e+006
  1.544596082274e+006  5.831478129783e+006
  1.547284866310e+006  5.841830281840e+006
  1.549973475589e+006  5.852182477718e+006
  1.552661910119e+006  5.862534717414e+006
  1.555350169911e+006  5.872887000923e+006
  1.558038254975e+006  5.883239328240e+006
  1.560726165319e+006  5.893591699362e+006
  1.563413900954e+006  5.903944114283e+006
  1.566101461889e+006  5.914296572999e+006
  1.568788848134e+006  5.924649075506e+006
  1.571476059699e+006  5.935001621799e+006
  1.574163096592e+006  5.945354211874e+006
  1.576849958824e+006  5.955706845726e+006
  1.579536646404e+006  5.966059523352e+006
  1.582223159343e+006  5.976412244746e+006
  1.584909497649e+006  5.986765009905e+006
  1.587595661332e+006  5.997117818823e+006
  1.590281650403e+006  6.007470671497e+006
  1.592967464870e+006  6.017823567922e+006
  1.595653104743e+006  6.028176508094e+006
  1.598338570032e+006  6.038529492008e+006
  1.601023860747e+006  6.048882519660e+006
  1.603708976896e+006  6.059235591045e+006
  1.606393918491e+006  6.069588706160e+006
  1.609078685541e+006  6.079941865000e+006
  1.611763278054e+006  6.090295067560e+006
  1.614447696042e+006  6.100648313837e+006
  1.617131939513e+006  6.111001603825e+006
  1.619816008477e+006  6.121354937521e+006
  1.622499902945e+006  6.131708314920e+006
  1.625183622925e+006  6.142061736018e+006
  1.627867168427e+006  6.152415200811e+006
  1.630550539462e+006  6.162768709294e+006
  1.633233736038e+006  6.173122261462e+006
  1.635916758165e+006  6.183475857313e+006
  1.638599605854e+006  6.193829496840e+006
  1.641282279113e+006  6.204183180041e+006
  1.643964777953e+006  6.214536906910e+006
  1.646647102383e+006  6.224890677444e+006
  1.649329252413e+006  6.235244491638e+006
  1.652011228052e+006  6.245598349488e+006
  1.654693029311e+006  6.255952250990e+006
  1.657374656198e+006  6.266306196139e+006
  1.660056108725e+006  6.276660184931e+006
  1.662737386900e+006  6.287014217362e+006
  1.665418490733e+006  6.297368293427e+006
  1.668099420234e+006  6.307722413123e+006
  1.670780175412e+006  6.318076576445e+006
  1.673460756278e+006  6.328430783389e+006
  1.676141162841e+006  6.338785033950e+006
  1.678821395111e+006  6.349139328125e+006
  1.681501453097e+006  6.359493665909e+006
  1.684181336809e+006  6.369848047298e+006
  1.686861046257e+006  6.380202472287e+006
  1.689540581452e+006  6.390556940874e+006
  1.692219942401e+006  6.400911453052e+006
  1.694899129116e+006  6.411266008819e+006
  1.697578141605e+006  6.421620608169e+006
  1.700256979880e+006  6.431975251100e+006
  1.702935643948e+006  6.442329937606e+006
  1.705614133821e+006  6.452684667683e+006
  1.708292449508e+006  6.463039441328e+006
  1.710970591019e+006  6.473394258536e+006
  1.713648558363e+006  6.483749119302e+006
  1.716326351550e+006  6.494104023624e+006
  1.719003970590e+006  6.504458971496e+006
  1.721681415493e+006  6.514813962914e+006
  1.724358686268e+006  6.525168997875e+006
  1.727035782926e+006  6.535524076373e+006
  1.729712705476e+006  6.545879198406e+006
  1.732389453927e+006  6.556234363969e+006
  1.735066028290e+006  6.566589573058e+006
  1.737742428575e+006  6.576944825668e+006
  1.740418654791e+006  6.587300121796e+006
  1.743094706947e+006  6.597655461437e+006
  1.745770585054e+006  6.608010844587e+006
  1.748446289122e+006  6.618366271243e+006
  1.751121819160e+006  6.628721741400e+006
  1.753797175178e+006  6.639077255054e+006
  1.756472357186e+006  6.649432812201e+006
  1.759147365194e+006  6.659788412837e+006
  1.761822199211e+006  6.670144056958e+006
  1.764496859248e+006  6.680499744559e+006
  1.767171345313e+006  6.690855475637e+006
  1.769845657418e+006  6.701211250188e+006
  1.772519795571e+006  6.711567068207e+006
  1.775193759782e+006  6.721922929691e+006
  1.777867550062e+006  6.732278834635e+006
  1.780541166420e+006  6.742634783036e+006
  1.783214608866e+006  6.752990774889e+006
  1.785887877409e+006  6.763346810191e+006
  1.788560972060e+006  6.773702888937e+006
  1.791233892829e+006  6.784059011123e+006
  1.793906639725e+006  6.794415176746e+006
  1.796579212758e+006  6.804771385801e+006
  1.799251611937e+006  6.815127638284e+006
  1.801923837273e+006  6.825483934192e+006
  1.804595888776e+006  6.835840273520e+006
  1.807267766456e+006  6.846196656264e+006
  1.809939470321e+006  6.856553082421e+006
  1.812611000382e+006  6.866909551986e+006
  1.815282356650e+006  6.877266064955e+006
  1.817953539133e+006  6.887622621325e+006
  1.820624547841e+006  6.897979221091e+006
  1.823295382785e+006  6.908335864250e+006
  1.825966043974e+006  6.918692550798e+006
  1.828636531419e+006  6.929049280730e+006
  1.831306845128e+006  6.939406054043e+006
  1.833976985112e+006  6.949762870732e+006
  1.836646951381e+006  6.960119730794e+006
  1.839316743944e+006  6.970476634226e+006
  1.841986362812e+006  6.980833581022e+006
  1.844655807994e+006  6.991190571179e+006
  1.847325079500e+006  7.001547604693e+006
  1.849994177340e+006  7.011904681561e+006
  1.852663101524e+006  7.022261801777e+006
  1.855331852062e+006  7.032618965340e+006
  1.858000428963e+006  7.042976172243e+006
  1.860668832238e+006  7.053333422485e+006
  1.863337061896e+006  7.063690716060e+006
  1.866005117948e+006  7.074048052965e+006
  1.868673000402e+006  7.084405433196e+006
  1.871340709270e+006  7.094762856749e+006
  1.874008244560e+006  7.105120323621e+006
  1.876675606283e+006  7.115477833807e+006
  1.879342794449e+006  7.125835387303e+006
  1.882009809068e+006  7.136192984106e+006
  1.884676650149e+006  7.146550624212e+006
  1.887343317702e+006  7.156908307618e+006
  1.890009811737e+006  7.167266034318e+006
  1.892676132265e+006  7.177623804310e+006
  1.895342279295e+006  7.187981617589e+006
  1.898008252837e+006  7.198339474152e+006
  1.900674052901e+006  7.208697373995e+006
  1.903339679496e+006  7.219055317114e+006
  1.906005132633e+006  7.229413303505e+006
  1.908670412322e+006  7.239771333165e+006
  1.911335518572e+006  7.250129406090e+006
  1.914000451394e+006  7.260487522276e+006
  1.916665210797e+006  7.270845681719e+006
  1.919329796791e+006  7.281203884415e+006
  1.921994209387e+006  7.291562130361e+006
  1.924658448594e+006  7.301920419552e+006
  1.927322514422e+006  7.312278751986e+006
  1.929986406881e+006  7.322637127658e+006
  1.932650125980e+006  7.332995546565e+006
  1.935313671731e+006  7.343354008703e+006
  1.937977044142e+006  7.353712514068e+006
  1.940640243224e+006  7.364071062656e+006
  1.943303268987e+006  7.374429654464e+006
  1.945966121441e+006  7.384788289487e+006
  1.948628800595e+006  7.395146967723e+006
  1.951291306459e+006  7.405505689168e+006
  1.953953639044e+006  7.415864453817e+006
  1.956615798360e+006  7.426223261667e+006
  1.959277784415e+006  7.436582112715e+006
  1.961939597221e+006  7.446941006956e+006
  1.964601236788e+006  7.457299944388e+006
  1.967262703124e+006  7.467658925005e+006
  1.969923996241e+006  7.478017948806e+006
  1.972585116148e+006  7.488377015785e+006
  1.975246062855e+006  7.498736125940e+006
  1.977906836372e+006  7.509095279266e+006
  1.980567436709e+006  7.519454475760e+006
  1.983227863876e+006  7.529813715419e+006
  1.985888117883e+006  7.540172998238e+006
  1.988548198740e+006  7.550532324214e+006
  1.991208106457e+006  7.560891693344e+006
  1.993867841043e+006  7.571251105623e+006
  1.996527402510e+006  7.581610561049e+006
  1.999186790867e+006  7.591970059617e+006
  2.001846006123e+006  7.602329601324e+006
  2.004505048289e+006  7.612689186166e+006
  2.007163917375e+006  7.623048814140e+006
  2.009822613391e+006  7.633408485242e+006
  2.012481136347e+006  7.643768199468e+006
  2.015139486252e+006  7.654127956816e+006
  2.017797663117e+006  7.664487757280e+006
  2.020455666952e+006  7.674847600859e+006
  2.023113497767e+006  7.685207487547e+006
  2.025771155572e+006  7.695567417343e+006
  2.028428640376e+006  7.705927390241e+006
  2.031085952190e+006  7.716287406238e+006
  2.033743091024e+006  7.726647465332e+006
  2.036400056888e+006  7.737007567518e+006
  2.039056849791e+006  7.747367712793e+006
  2.041713469745e+006  7.757727901153e+006
  2.044369916758e+006  7.768088132594e+006
  2.047026190841e+006  7.778448407114e+006
  2.049682292004e+006  7.788808724709e+006
  2.052338220256e+006  7.799169085375e+006
  2.054993975609e+006  7.809529489108e+006
  2.057649558072e+006  7.819889935906e+006
  2.060304967654e+006  7.830250425764e+006
  2.062960204367e+006  7.840610958679e+006
  2.065615268219e+006  7.850971534648e+006
  2.068270159222e+006  7.861332153667e+006
  2.070924877384e+006  7.871692815733e+006
  2.073579422717e+006  7.882053520842e+006
  2.076233795230e+006  7.892414268991e+006
  2.078887994933e+006  7.902775060176e+006
  2.081542021836e+006  7.913135894394e+006
  2.084195875950e+006  7.923496771641e+006
  2.086849557283e+006  7.933857691914e+006
  2.089503065847e+006  7.944218655210e+006
  2.092156401652e+006  7.954579661524e+006
  2.094809564707e+006  7.964940710855e+006
  2.097462555022e+006  7.975301803197e+006
  2.100115372608e+006  7.985662938548e+006
  2.102768017475e+006  7.996024116904e+006
  2.105420489632e+006  8.006385338262e+006
  2.108072789090e+006  8.016746602619e+006
  2.110724915859e+006  8.027107909971e+006
  2.113376869948e+006  8.037469260314e+006
  2.116028651369e+006  8.047830653646e+006
  2.118680260130e+006  8.058192089963e+006
  2.121331696243e+006  8.068553569261e+006
  2.123982959716e+006  8.078915091537e+006
  2.126634050561e+006  8.089276656788e+006
  2.129284968787e+006  8.099638265011e+006
  2.131935714404e+006  8.109999916201e+006
  2.134586287423e+006  8.120361610356e+006
  2.137236687853e+006  8.130723347473e+006
  2.139886915704e+006  8.141085127547e+006
  2.142536970988e+006  8.151446950577e+006
  2.145186853712e+006  8.161808816557e+006
  2.147836563889e+006  8.172170725485e+006
  2.150486101528e+006  8.182532677358e+006
  2.153135466638e+006  8.192894672173e+006
  2.155784659231e+006  8.203256709925e+006
  2.158433679316e+006  8.213618790612e+006
  2.161082526903e+006  8.223980914231e+006
  2.163731202002e+006  8.234343080777e+006
  2.166379704624e+006  8.244705290249e+006
  2.169028034778e+006  8.255067542642e+006
  2.171676192475e+006  8.265429837953e+006
  2.174324177725e+006  8.275792176179e+006
  2.176971990537e+006  8.286154557317e+006
  2.179619630923e+006  8.296516981363e+006
  2.182267098891e+006  8.306879448314e+006
  2.184914394453e+006  8.317241958168e+006
  2.187561517618e+006  8.327604510920e+006
  2.190208468396e+006  8.337967106567e+006
  2.192855246798e+006  8.348329745106e+006
  2.195501852833e+006  8.358692426535e+006
  2.198148286513e+006  8.369055150849e+006
  2.200794547846e+006  8.379417918045e+006
  2.203440636843e+006  8.389780728121e+006
  2.206086553514e+006  8.400143581073e+006
  2.208732297869e+006  8.410506476898e+006
  2.211377869919e+006  8.420869415592e+006
  2.214023269673e+006  8.431232397153e+006
  2.216668497141e+006  8.441595421576e+006
  2.219313552335e+006  8.451958488860e+006
  2.221958435263e+006  8.462321599001e+006
  2.224603145936e+006  8.472684751996e+006
  2.227247684365e+006  8.483047947841e+006
  2.229892050559e+006  8.493411186533e+006
  2.232536244528e+006  8.503774468070e+006
  2.235180266282e+006  8.514137792447e+006
  2.237824115833e+006  8.524501159662e+006
  2.240467793189e+006  8.534864569712e+006
  2.243111298361e+006  8.545228022594e+006
  2.245754631360e+006  8.555591518304e+006
  2.248397792194e+006  8.565955056840e+006
  2.251040780875e+006  8.576318638197e+006
  2.253683597413e+006  8.586682262374e+006
  2.256326241817e+006  8.597045929367e+006
  2.258968714099e+006  8.607409639172e+006
  2.261611014267e+006  8.617773391788e+006
  2.264253142333e+006  8.628137187209e+006
  2.266895098306e+006  8.638501025435e+006
  2.269536882196e+006  8.648864906461e+006
  2.272178494014e+006  8.659228830284e+006
  2.274819933771e+006  8.669592796902e+006
  2.277461201475e+006  8.679956806311e+006
  2.280102297137e+006  8.690320858508e+006
  2.282743220768e+006  8.700684953490e+006
  2.285383972377e+006  8.711049091254e+006
  2.288024551975e+006  8.721413271797e+006
  2.290664959572e+006  8.731777495116e+006
  2.293305195178e+006  8.742141761208e+006
  2.295945258803e+006  8.752506070070e+006
  2.298585150458e+006  8.762870421699e+006
  2.301224870152e+006  8.773234816092e+006
  2.303864417897e+006  8.783599253245e+006
  2.306503793701e+006  8.793963733156e+006
  2.309142997575e+006  8.804328255822e+006
  2.311782029530e+006  8.814692821240e+006
  2.314420889575e+006  8.825057429407e+006
  2.317059577721e+006  8.835422080319e+006
  2.319698093978e+006  8.845786773975e+006
  2.322336438356e+006  8.856151510370e+006
  2.324974610865e+006  8.866516289502e+006
  2.327612611516e+006  8.876881111367e+006
  2.330250440319e+006  8.887245975964e+006
  2.332888097284e+006  8.897610883289e+006
  2.335525582420e+006  8.907975833339e+006
  2.338162895740e+006  8.918340826110e+006
  2.340800037251e+006  8.928705861601e+006
  2.343437006966e+006  8.939070939808e+006
  2.346073804893e+006  8.949436060729e+006
  2.348710431044e+006  8.959801224359e+006
  2.351346885427e+006  8.970166430697e+006
  2.353983168055e+006  8.980531679740e+006
  2.356619278936e+006  8.990896971484e+006
  2.359255218082e+006  9.001262305927e+006
  2.361890985501e+006  9.011627683065e+006
  2.364526581205e+006  9.021993102897e+006
  2.367162005204e+006  9.032358565418e+006
  2.369797257508e+006  9.042724070627e+006
  2.372432338127e+006  9.053089618520e+006
  2.375067247071e+006  9.063455209094e+006
  2.377701984351e+006  9.073820842346e+006
  2.380336549976e+006  9.084186518274e+006
  2.382970943958e+006  9.094552236875e+006
  2.385605166306e+006  9.104917998146e+006
  2.388239217030e+006  9.115283802084e+006
  2.390873096141e+006  9.125649648686e+006
  2.393506803649e+006  9.136015537949e+006
  2.396140339565e+006  9.146381469871e+006
  2.398773703898e+006  9.156747444449e+006
  2.401406896658e+006  9.167113461680e+006
  2.404039917857e+006  9.177479521560e+006
  2.406672767503e+006  9.187845624088e+006
  2.409305445608e+006  9.198211769261e+006
  2.411937952182e+006  9.208577957075e+006
  2.414570287235e+006  9.218944187528e+006
  2.417202450777e+006  9.229310460617e+006
  2.419834442818e+006  9.239676776340e+006
  2.422466263369e+006  9.250043134693e+006
  2.425097912440e+006  9.260409535674e+006
  2.427729390041e+006  9.270775979279e+006
  2.430360696183e+006  9.281142465507e+006
  2.432991830875e+006  9.291508994355e+006
  2.435622794128e+006  9.301875565819e+006
  2.438253585952e+006  9.312242179897e+006
  2.440884206358e+006  9.322608836587e+006
  2.443514655356e+006  9.332975535885e+006
  2.446144932956e+006  9.343342277789e+006
  2.448775039168e+006  9.353709062296e+006
  2.451404974002e+006  9.364075889403e+006
  2.454034737469e+006  9.374442759108e+006
  2.456664329580e+006  9.384809671408e+006
  2.459293750344e+006  9.395176626300e+006
  2.461922999771e+006  9.405543623781e+006
  2.464552077872e+006  9.415910663850e+006
  2.467180984658e+006  9.426277746503e+006
  2.469809720138e+006  9.436644871737e+006
  2.472438284323e+006  9.447012039550e+006
  2.475066677222e+006  9.457379249939e+006
  2.477694898847e+006  9.467746502901e+006
  2.480322949208e+006  9.478113798435e+006
  2.482950828314e+006  9.488481136536e+006
  2.485578536177e+006  9.498848517203e+006
  2.488206072806e+006  9.509215940433e+006
  2.490833438212e+006  9.519583406224e+006
  2.493460632405e+006  9.529950914572e+006
  2.496087655395e+006  9.540318465474e+006
  2.498714507193e+006  9.550686058930e+006
  2.501341187809e+006  9.561053694935e+006
  2.503967697253e+006  9.571421373487e+006
  2.506594035535e+006  9.581789094584e+006
  2.509220202666e+006  9.592156858222e+006
  2.511846198657e+006  9.602524664400e+006
  2.514472023517e+006  9.612892513115e+006
  2.517097677256e+006  9.623260404364e+006
  2.519723159885e+006  9.633628338145e+006
  2.522348471415e+006  9.643996314455e+006
  2.524973611856e+006  9.654364333291e+006
  2.527598581217e+006  9.664732394651e+006
  2.530223379509e+006  9.675100498532e+006
  2.532848006744e+006  9.685468644933e+006
  2.535472462930e+006  9.695836833849e+006
  2.538096748078e+006  9.706205065280e+006
  2.540720862198e+006  9.716573339221e+006
  2.543344805302e+006  9.726941655671e+006
  2.545968577398e+006  9.737310014628e+006
  2.548592178498e+006  9.747678416088e+006
  2.551215608612e+006  9.758046860049e+006
  2.553838867750e+006  9.768415346509e+006
  2.556461955922e+006  9.778783875465e+006
  2.559084873139e+006  9.789152446914e+006
  2.561707619411e+006  9.799521060855e+006
  2.564330194749e+006  9.809889717284e+006
  2.566952599162e+006  9.820258416200e+006
  2.569574832661e+006  9.830627157599e+006
  2.572196895256e+006  9.840995941480e+006
  2.574818786959e+006  9.851364767839e+006
  2.577440507778e+006  9.861733636675e+006
  2.580062057725e+006  9.872102547985e+006
  2.582683436809e+006  9.882471501766e+006
  2.585304645041e+006  9.892840498016e+006
  2.587925682432e+006  9.903209536732e+006
  2.590546548991e+006  9.913578617913e+006
  2.593167244730e+006  9.923947741556e+006
  2.595787769658e+006  9.934316907658e+006
  2.598408123785e+006  9.944686116216e+006
  2.601028307123e+006  9.955055367230e+006
  2.603648319681e+006  9.965424660695e+006
  2.606268161470e+006  9.975793996610e+006
  2.608887832500e+006  9.986163374972e+006
  2.611507332781e+006  9.996532795779e+006
  2.614126662325e+006  1.000690225903e+007
  2.616745821140e+006  1.001727176472e+007
  2.619364809238e+006  1.002764131285e+007
  2.621983626629e+006  1.003801090341e+007
  2.624602273323e+006  1.004838053641e+007
  2.627220749331e+006  1.005875021183e+007
  2.629839054662e+006  1.006911992969e+007
  2.632457189328e+006  1.007948968997e+007
  2.635075153339e+006  1.008985949267e+007
  2.637692946705e+006  1.010022933780e+007
  2.640310569436e+006  1.011059922535e+007
  2.642928021542e+006  1.012096915531e+007
  2.645545303035e+006  1.013133912769e+007
  2.648162413925e+006  1.014170914247e+007
  2.650779354221e+006  1.015207919967e+007
  2.653396123934e+006  1.016244929928e+007
  2.656012723075e+006  1.017281944129e+007
  2.658629151654e+006  1.018318962571e+007
  2.661245409681e+006  1.019355985252e+007
  2.663861497167e+006  1.020393012173e+007
  2.666477414122e+006  1.021430043334e+007
  2.669093160557e+006  1.022467078735e+007
  2.671708736481e+006  1.023504118374e+007
  2.674324141906e+006  1.024541162253e+007
  2.676939376841e+006  1.025578210370e+007
  2.679554441297e+006  1.026615262725e+007
  2.682169335285e+006  1.027652319319e+007
  2.684784058814e+006  1.028689380151e+007
  2.687398611895e+006  1.029726445221e+007
  2.690012994539e+006  1.030763514528e+007
  2.692627206755e+006  1.031800588073e+007
  2.695241248555e+006  1.032837665855e+007
  2.697855119949e+006  1.033874747874e+007
  2.700468820946e+006  1.034911834129e+007
