  4.296316948278e+011 -2.838493798783e+012
  4.296384182461e+011 -2.838492781116e+012
  4.296451416621e+011 -2.838491763433e+012
  4.296518650756e+011 -2.838490745735e+012
  4.296585884867e+011 -2.838489728020e+012
  4.296653118953e+011 -2.838488710289e+012
  4.296720353016e+011 -2.838487692542e+012
  4.296787587054e+011 -2.838486674779e+012
  4.296854821067e+011 -2.838485657000e+012
  4.296922055057e+011 -2.838484639205e+012
  4.296989289022e+011 -2.838483621394e+012
  4.297056522963e+011 -2.838482603567e+012
  4.297123756880e+011 -2.838481585724e+012
  4.297190990772e+011 -2.838480567865e+012
  4.297258224640e+011 -2.838479549990e+012
  4.297325458484e+011 -2.838478532098e+012
  4.297392692303e+011 -2.838477514191e+012
  4.297459926099e+011 -2.838476496268e+012
  4.297527159870e+011 -2.838475478328e+012
  4.297594393616e+011 -2.838474460373e+012
  4.297661627339e+011 -2.838473442401e+012
  4.297728861037e+011 -2.838472424414e+012
  4.297796094711e+011 -2.838471406410e+012
  4.297863328360e+011 -2.838470388391e+012
  4.297930561986e+011 -2.838469370355e+012
  4.297997795587e+011 -2.838468352304e+012
  4.298065029163e+011 -2.838467334236e+012
  4.298132262716e+011 -2.838466316152e+012
  4.298199496244e+011 -2.838465298052e+012
  4.298266729748e+011 -2.838464279936e+012
  4.298333963227e+011 -2.838463261805e+012
  4.298401196683e+011 -2.838462243657e+012
  4.298468430114e+011 -2.838461225493e+012
  4.298535663521e+011 -2.838460207313e+012
  4.298602896903e+011 -2.838459189117e+012
  4.298670130261e+011 -2.838458170905e+012
  4.298737363595e+011 -2.838457152677e+012
  4.298804596905e+011 -2.838456134432e+012
  4.298871830190e+011 -2.838455116172e+012
  4.298939063451e+011 -2.838454097896e+012
  4.299006296688e+011 -2.838453079604e+012
  4.299073529900e+011 -2.838452061295e+012
  4.299140763088e+011 -2.838451042971e+012
  4.299207996252e+011 -2.838450024631e+012
  4.299275229392e+011 -2.838449006274e+012
  4.299342462507e+011 -2.838447987902e+012
  4.299409695598e+011 -2.838446969513e+012
  4.299476928665e+011 -2.838445951108e+012
  4.299544161707e+011 -2.838444932688e+012
  4.299611394725e+011 -2.838443914251e+012
  4.299678627719e+011 -2.838442895799e+012
  4.299745860688e+011 -2.838441877330e+012
  4.299813093634e+011 -2.838440858845e+012
  4.299880326555e+011 -2.838439840344e+012
  4.299947559451e+011 -2.838438821827e+012
  4.300014792324e+011 -2.838437803294e+012
  4.300082025172e+011 -2.838436784745e+012
  4.300149257995e+011 -2.838435766180e+012
  4.300216490795e+011 -2.838434747599e+012
  4.300283723570e+011 -2.838433729002e+012
  4.300350956321e+011 -2.838432710389e+012
  4.300418189048e+011 -2.838431691760e+012
  4.300485421750e+011 -2.838430673115e+012
  4.300552654428e+011 -2.838429654454e+012
  4.300619887081e+011 -2.838428635776e+012
  4.300687119711e+011 -2.838427617083e+012
  4.300754352316e+011 -2.838426598374e+012
  4.300821584897e+011 -2.838425579648e+012
  4.300888817453e+011 -2.838424560907e+012
  4.300956049985e+011 -2.838423542149e+012
  4.301023282493e+011 -2.838422523376e+012
  4.301090514977e+011 -2.838421504586e+012
  4.301157747436e+011 -2.838420485781e+012
  4.301224979871e+011 -2.838419466959e+012
  4.301292212282e+011 -2.838418448121e+012
  4.301359444668e+011 -2.838417429268e+012
  4.301426677030e+011 -2.838416410398e+012
  4.301493909368e+011 -2.838415391512e+012
  4.301561141682e+011 -2.838414372610e+012
  4.301628373971e+011 -2.838413353692e+012
  4.301695606236e+011 -2.838412334758e+012
  4.301762838476e+011 -2.838411315809e+012
  4.301830070693e+011 -2.838410296843e+012
  4.301897302885e+011 -2.838409277860e+012
  4.301964535052e+011 -2.838408258862e+012
  4.302031767196e+011 -2.838407239848e+012
  4.302098999315e+011 -2.838406220818e+012
  4.302166231409e+011 -2.838405201772e+012
  4.302233463480e+011 -2.838404182710e+012
  4.302300695526e+011 -2.838403163631e+012
  4.302367927548e+011 -2.838402144537e+012
  4.302435159545e+011 -2.838401125427e+012
  4.302502391518e+011 -2.838400106300e+012
  4.302569623467e+011 -2.838399087158e+012
  4.302636855392e+011 -2.838398067999e+012
  4.302704087292e+011 -2.838397048825e+012
  4.302771319168e+011 -2.838396029634e+012
  4.302838551020e+011 -2.838395010427e+012
  4.302905782847e+011 -2.838393991205e+012
  4.302973014650e+011 -2.838392971966e+012
  4.303040246429e+011 -2.838391952711e+012
  4.303107478183e+011 -2.838390933441e+012
  4.303174709913e+011 -2.838389914154e+012
  4.303241941619e+011 -2.838388894851e+012
  4.303309173301e+011 -2.838387875532e+012
  4.303376404958e+011 -2.838386856197e+012
  4.303443636591e+011 -2.838385836846e+012
  4.303510868199e+011 -2.838384817479e+012
  4.303578099783e+011 -2.838383798096e+012
  4.303645331343e+011 -2.838382778697e+012
  4.303712562879e+011 -2.838381759282e+012
  4.303779794390e+011 -2.838380739850e+012
  4.303847025877e+011 -2.838379720403e+012
  4.303914257340e+011 -2.838378700940e+012
  4.303981488778e+011 -2.838377681461e+012
  4.304048720192e+011 -2.838376661965e+012
  4.304115951582e+011 -2.838375642454e+012
  4.304183182947e+011 -2.838374622926e+012
  4.304250414288e+011 -2.838373603383e+012
  4.304317645605e+011 -2.838372583823e+012
  4.304384876898e+011 -2.838371564248e+012
  4.304452108166e+011 -2.838370544656e+012
  4.304519339409e+011 -2.838369525049e+012
  4.304586570629e+011 -2.838368505425e+012
  4.304653801824e+011 -2.838367485785e+012
  4.304721032995e+011 -2.838366466129e+012
  4.304788264141e+011 -2.838365446458e+012
  4.304855495264e+011 -2.838364426770e+012
  4.304922726361e+011 -2.838363407066e+012
  4.304989957435e+011 -2.838362387346e+012
  4.305057188484e+011 -2.838361367610e+012
  4.305124419509e+011 -2.838360347858e+012
  4.305191650510e+011 -2.838359328090e+012
  4.305258881486e+011 -2.838358308306e+012
  4.305326112438e+011 -2.838357288506e+012
  4.305393343365e+011 -2.838356268689e+012
  4.305460574269e+011 -2.838355248857e+012
  4.305527805148e+011 -2.838354229009e+012
  4.305595036002e+011 -2.838353209145e+012
  4.305662266832e+011 -2.838352189264e+012
  4.305729497638e+011 -2.838351169368e+012
  4.305796728420e+011 -2.838350149456e+012
  4.305863959177e+011 -2.838349129527e+012
  4.305931189910e+011 -2.838348109583e+012
  4.305998420619e+011 -2.838347089622e+012
  4.306065651303e+011 -2.838346069646e+012
  4.306132881963e+011 -2.838345049653e+012
  4.306200112599e+011 -2.838344029644e+012
  4.306267343210e+011 -2.838343009620e+012
  4.306334573797e+011 -2.838341989579e+012
  4.306401804360e+011 -2.838340969522e+012
  4.306469034898e+011 -2.838339949449e+012
  4.306536265413e+011 -2.838338929360e+012
  4.306603495902e+011 -2.838337909255e+012
  4.306670726368e+011 -2.838336889134e+012
  4.306737956809e+011 -2.838335868998e+012
  4.306805187225e+011 -2.838334848844e+012
  4.306872417618e+011 -2.838333828675e+012
  4.306939647986e+011 -2.838332808490e+012
  4.307006878329e+011 -2.838331788289e+012
  4.307074108649e+011 -2.838330768072e+012
  4.307141338944e+011 -2.838329747839e+012
  4.307208569214e+011 -2.838328727589e+012
  4.307275799461e+011 -2.838327707324e+012
  4.307343029683e+011 -2.838326687043e+012
  4.307410259881e+011 -2.838325666745e+012
  4.307477490054e+011 -2.838324646432e+012
  4.307544720203e+011 -2.838323626103e+012
  4.307611950328e+011 -2.838322605757e+012
  4.307679180428e+011 -2.838321585395e+012
  4.307746410504e+011 -2.838320565018e+012
  4.307813640556e+011 -2.838319544624e+012
  4.307880870583e+011 -2.838318524215e+012
  4.307948100586e+011 -2.838317503789e+012
  4.308015330565e+011 -2.838316483347e+012
  4.308082560519e+011 -2.838315462889e+012
  4.308149790449e+011 -2.838314442415e+012
  4.308217020355e+011 -2.838313421926e+012
  4.308284250236e+011 -2.838312401420e+012
  4.308351480093e+011 -2.838311380898e+012
  4.308418709925e+011 -2.838310360360e+012
  4.308485939734e+011 -2.838309339806e+012
  4.308553169518e+011 -2.838308319236e+012
  4.308620399277e+011 -2.838307298649e+012
  4.308687629012e+011 -2.838306278047e+012
  4.308754858723e+011 -2.838305257429e+012
  4.308822088410e+011 -2.838304236795e+012
  4.308889318072e+011 -2.838303216145e+012
  4.308956547710e+011 -2.838302195478e+012
  4.309023777323e+011 -2.838301174796e+012
  4.309091006913e+011 -2.838300154098e+012
  4.309158236477e+011 -2.838299133383e+012
  4.309225466018e+011 -2.838298112653e+012
  4.309292695534e+011 -2.838297091906e+012
  4.309359925026e+011 -2.838296071144e+012
  4.309427154493e+011 -2.838295050365e+012
  4.309494383936e+011 -2.838294029570e+012
  4.309561613355e+011 -2.838293008760e+012
  4.309628842749e+011 -2.838291987933e+012
  4.309696072120e+011 -2.838290967090e+012
  4.309763301465e+011 -2.838289946231e+012
  4.309830530787e+011 -2.838288925356e+012
  4.309897760084e+011 -2.838287904466e+012
  4.309964989356e+011 -2.838286883559e+012
  4.310032218605e+011 -2.838285862636e+012
  4.310099447828e+011 -2.838284841697e+012
  4.310166677028e+011 -2.838283820742e+012
  4.310233906203e+011 -2.838282799771e+012
  4.310301135354e+011 -2.838281778783e+012
  4.310368364481e+011 -2.838280757780e+012
  4.310435593583e+011 -2.838279736761e+012
  4.310502822661e+011 -2.838278715726e+012
  4.310570051714e+011 -2.838277694675e+012
  4.310637280743e+011 -2.838276673607e+012
  4.310704509748e+011 -2.838275652524e+012
  4.310771738729e+011 -2.838274631424e+012
  4.310838967685e+011 -2.838273610309e+012
  4.310906196616e+011 -2.838272589178e+012
  4.310973425524e+011 -2.838271568030e+012
  4.311040654407e+011 -2.838270546866e+012
  4.311107883265e+011 -2.838269525687e+012
  4.311175112100e+011 -2.838268504491e+012
  4.311242340910e+011 -2.838267483279e+012
  4.311309569695e+011 -2.838266462052e+012
  4.311376798456e+011 -2.838265440808e+012
  4.311444027193e+011 -2.838264419548e+012
  4.311511255906e+011 -2.838263398272e+012
  4.311578484594e+011 -2.838262376980e+012
  4.311645713258e+011 -2.838261355672e+012
  4.311712941897e+011 -2.838260334349e+012
  4.311780170512e+011 -2.838259313009e+012
  4.311847399103e+011 -2.838258291652e+012
  4.311914627669e+011 -2.838257270280e+012
  4.311981856211e+011 -2.838256248892e+012
  4.312049084729e+011 -2.838255227488e+012
  4.312116313222e+011 -2.838254206068e+012
  4.312183541691e+011 -2.838253184632e+012
  4.312250770135e+011 -2.838252163179e+012
  4.312317998555e+011 -2.838251141711e+012
  4.312385226951e+011 -2.838250120227e+012
  4.312452455323e+011 -2.838249098726e+012
  4.312519683670e+011 -2.838248077210e+012
  4.312586911992e+011 -2.838247055677e+012
  4.312654140291e+011 -2.838246034129e+012
  4.312721368565e+011 -2.838245012564e+012
  4.312788596814e+011 -2.838243990984e+012
  4.312855825039e+011 -2.838242969387e+012
  4.312923053240e+011 -2.838241947774e+012
  4.312990281417e+011 -2.838240926146e+012
  4.313057509569e+011 -2.838239904501e+012
  4.313124737697e+011 -2.838238882840e+012
  4.313191965800e+011 -2.838237861163e+012
  4.313259193879e+011 -2.838236839470e+012
  4.313326421934e+011 -2.838235817761e+012
  4.313393649964e+011 -2.838234796036e+012
  4.313460877970e+011 -2.838233774295e+012
  4.313528105952e+011 -2.838232752538e+012
  4.313595333909e+011 -2.838231730765e+012
  4.313662561842e+011 -2.838230708976e+012
  4.313729789750e+011 -2.838229687171e+012
  4.313797017634e+011 -2.838228665350e+012
  4.313864245494e+011 -2.838227643512e+012
  4.313931473329e+011 -2.838226621659e+012
  4.313998701140e+011 -2.838225599790e+012
  4.314065928927e+011 -2.838224577904e+012
  4.314133156689e+011 -2.838223556003e+012
  4.314200384427e+011 -2.838222534086e+012
  4.314267612140e+011 -2.838221512152e+012
  4.314334839829e+011 -2.838220490203e+012
  4.314402067494e+011 -2.838219468237e+012
  4.314469295134e+011 -2.838218446255e+012
  4.314536522750e+011 -2.838217424258e+012
  4.314603750342e+011 -2.838216402244e+012
  4.314670977909e+011 -2.838215380214e+012
  4.314738205452e+011 -2.838214358169e+012
  4.314805432970e+011 -2.838213336107e+012
  4.314872660464e+011 -2.838212314029e+012
  4.314939887934e+011 -2.838211291935e+012
  4.315007115379e+011 -2.838210269825e+012
  4.315074342800e+011 -2.838209247699e+012
  4.315141570197e+011 -2.838208225557e+012
  4.315208797569e+011 -2.838207203399e+012
  4.315276024917e+011 -2.838206181225e+012
  4.315343252240e+011 -2.838205159035e+012
  4.315410479539e+011 -2.838204136829e+012
  4.315477706814e+011 -2.838203114606e+012
  4.315544934064e+011 -2.838202092368e+012
  4.315612161290e+011 -2.838201070114e+012
  4.315679388491e+011 -2.838200047844e+012
  4.315746615668e+011 -2.838199025557e+012
  4.315813842821e+011 -2.838198003255e+012
  4.315881069949e+011 -2.838196980936e+012
  4.315948297053e+011 -2.838195958602e+012
  4.316015524133e+011 -2.838194936251e+012
  4.316082751188e+011 -2.838193913885e+012
  4.316149978219e+011 -2.838192891502e+012
  4.316217205225e+011 -2.838191869104e+012
  4.316284432207e+011 -2.838190846689e+012
  4.316351659165e+011 -2.838189824258e+012
  4.316418886098e+011 -2.838188801811e+012
  4.316486113007e+011 -2.838187779349e+012
  4.316553339892e+011 -2.838186756870e+012
  4.316620566752e+011 -2.838185734375e+012
  4.316687793588e+011 -2.838184711864e+012
  4.316755020399e+011 -2.838183689337e+012
  4.316822247186e+011 -2.838182666794e+012
  4.316889473948e+011 -2.838181644235e+012
  4.316956700687e+011 -2.838180621660e+012
  4.317023927400e+011 -2.838179599069e+012
  4.317091154090e+011 -2.838178576462e+012
  4.317158380755e+011 -2.838177553838e+012
  4.317225607395e+011 -2.838176531199e+012
  4.317292834011e+011 -2.838175508544e+012
  4.317360060603e+011 -2.838174485873e+012
  4.317427287171e+011 -2.838173463185e+012
  4.317494513714e+011 -2.838172440482e+012
  4.317561740232e+011 -2.838171417762e+012
  4.317628966727e+011 -2.838170395027e+012
  4.317696193196e+011 -2.838169372275e+012
  4.317763419642e+011 -2.838168349508e+012
  4.317830646063e+011 -2.838167326724e+012
  4.317897872460e+011 -2.838166303925e+012
  4.317965098832e+011 -2.838165281109e+012
  4.318032325180e+011 -2.838164258277e+012
  4.318099551503e+011 -2.838163235430e+012
  4.318166777802e+011 -2.838162212566e+012
  4.318234004077e+011 -2.838161189686e+012
  4.318301230327e+011 -2.838160166790e+012
  4.318368456553e+011 -2.838159143878e+012
  4.318435682755e+011 -2.838158120950e+012
  4.318502908932e+011 -2.838157098006e+012
  4.318570135084e+011 -2.838156075046e+012
  4.318637361213e+011 -2.838155052070e+012
  4.318704587317e+011 -2.838154029078e+012
  4.318771813396e+011 -2.838153006070e+012
  4.318839039451e+011 -2.838151983046e+012
  4.318906265482e+011 -2.838150960005e+012
  4.318973491488e+011 -2.838149936949e+012
  4.319040717470e+011 -2.838148913877e+012
  4.319107943428e+011 -2.838147890789e+012
  4.319175169361e+011 -2.838146867684e+012
  4.319242395269e+011 -2.838145844564e+012
  4.319309621154e+011 -2.838144821427e+012
  4.319376847014e+011 -2.838143798275e+012
  4.319444072849e+011 -2.838142775106e+012
  4.319511298660e+011 -2.838141751922e+012
  4.319578524447e+011 -2.838140728721e+012
  4.319645750209e+011 -2.838139705504e+012
  4.319712975947e+011 -2.838138682272e+012
  4.319780201660e+011 -2.838137659023e+012
  4.319847427349e+011 -2.838136635758e+012
  4.319914653014e+011 -2.838135612477e+012
  4.319981878654e+011 -2.838134589180e+012
  4.320049104270e+011 -2.838133565868e+012
  4.320116329862e+011 -2.838132542539e+012
  4.320183555429e+011 -2.838131519194e+012
  4.320250780971e+011 -2.838130495833e+012
  4.320318006489e+011 -2.838129472456e+012
  4.320385231983e+011 -2.838128449063e+012
  4.320452457452e+011 -2.838127425653e+012
  4.320519682897e+011 -2.838126402228e+012
  4.320586908318e+011 -2.838125378787e+012
  4.320654133714e+011 -2.838124355330e+012
  4.320721359086e+011 -2.838123331856e+012
  4.320788584433e+011 -2.838122308367e+012
  4.320855809756e+011 -2.838121284862e+012
  4.320923035055e+011 -2.838120261340e+012
  4.320990260329e+011 -2.838119237803e+012
  4.321057485578e+011 -2.838118214249e+012
  4.321124710804e+011 -2.838117190680e+012
  4.321191936004e+011 -2.838116167094e+012
  4.321259161181e+011 -2.838115143493e+012
  4.321326386333e+011 -2.838114119875e+012
  4.321393611461e+011 -2.838113096241e+012
  4.321460836564e+011 -2.838112072592e+012
  4.321528061643e+011 -2.838111048926e+012
  4.321595286697e+011 -2.838110025244e+012
  4.321662511727e+011 -2.838109001546e+012
  4.321729736732e+011 -2.838107977832e+012
  4.321796961713e+011 -2.838106954102e+012
  4.321864186670e+011 -2.838105930357e+012
  4.321931411602e+011 -2.838104906595e+012
  4.321998636510e+011 -2.838103882817e+012
  4.322065861394e+011 -2.838102859022e+012
  4.322133086253e+011 -2.838101835212e+012
  4.322200311087e+011 -2.838100811386e+012
  4.322267535897e+011 -2.838099787544e+012
  4.322334760683e+011 -2.838098763686e+012
  4.322401985445e+011 -2.838097739811e+012
  4.322469210182e+011 -2.838096715921e+012
  4.322536434894e+011 -2.838095692015e+012
  4.322603659582e+011 -2.838094668092e+012
  4.322670884246e+011 -2.838093644154e+012
  4.322738108885e+011 -2.838092620200e+012
  4.322805333500e+011 -2.838091596229e+012
  4.322872558090e+011 -2.838090572242e+012
  4.322939782656e+011 -2.838089548240e+012
  4.323007007198e+011 -2.838088524221e+012
  4.323074231715e+011 -2.838087500187e+012
  4.323141456207e+011 -2.838086476136e+012
  4.323208680676e+011 -2.838085452069e+012
  4.323275905120e+011 -2.838084427986e+012
  4.323343129539e+011 -2.838083403888e+012
  4.323410353934e+011 -2.838082379773e+012
  4.323477578305e+011 -2.838081355642e+012
  4.323544802651e+011 -2.838080331495e+012
  4.323612026972e+011 -2.838079307332e+012
  4.323679251270e+011 -2.838078283153e+012
  4.323746475543e+011 -2.838077258958e+012
  4.323813699791e+011 -2.838076234747e+012
  4.323880924015e+011 -2.838075210520e+012
  4.323948148214e+011 -2.838074186276e+012
  4.324015372390e+011 -2.838073162017e+012
  4.324082596540e+011 -2.838072137742e+012
  4.324149820667e+011 -2.838071113451e+012
  4.324217044768e+011 -2.838070089143e+012
  4.324284268846e+011 -2.838069064820e+012
  4.324351492899e+011 -2.838068040481e+012
  4.324418716927e+011 -2.838067016125e+012
  4.324485940932e+011 -2.838065991754e+012
  4.324553164911e+011 -2.838064967366e+012
  4.324620388866e+011 -2.838063942963e+012
  4.324687612797e+011 -2.838062918543e+012
  4.324754836704e+011 -2.838061894107e+012
  4.324822060586e+011 -2.838060869656e+012
  4.324889284443e+011 -2.838059845188e+012
  4.324956508276e+011 -2.838058820704e+012
  4.325023732085e+011 -2.838057796204e+012
  4.325090955869e+011 -2.838056771689e+012
  4.325158179629e+011 -2.838055747157e+012
  4.325225403364e+011 -2.838054722609e+012
  4.325292627075e+011 -2.838053698045e+012
  4.325359850762e+011 -2.838052673465e+012
  4.325427074424e+011 -2.838051648869e+012
  4.325494298061e+011 -2.838050624257e+012
  4.325561521674e+011 -2.838049599629e+012
  4.325628745263e+011 -2.838048574985e+012
  4.325695968827e+011 -2.838047550324e+012
  4.325763192367e+011 -2.838046525648e+012
  4.325830415883e+011 -2.838045500956e+012
  4.325897639374e+011 -2.838044476248e+012
  4.325964862840e+011 -2.838043451523e+012
  4.326032086282e+011 -2.838042426783e+012
  4.326099309700e+011 -2.838041402027e+012
  4.326166533093e+011 -2.838040377254e+012
  4.326233756462e+011 -2.838039352466e+012
  4.326300979806e+011 -2.838038327661e+012
  4.326368203126e+011 -2.838037302840e+012
  4.326435426421e+011 -2.838036278004e+012
  4.326502649692e+011 -2.838035253151e+012
  4.326569872939e+011 -2.838034228283e+012
  4.326637096161e+011 -2.838033203398e+012
  4.326704319359e+011 -2.838032178497e+012
  4.326771542532e+011 -2.838031153580e+012
  4.326838765681e+011 -2.838030128647e+012
  4.326905988805e+011 -2.838029103699e+012
  4.326973211905e+011 -2.838028078734e+012
  4.327040434980e+011 -2.838027053753e+012
  4.327107658031e+011 -2.838026028756e+012
  4.327174881058e+011 -2.838025003743e+012
  4.327242104060e+011 -2.838023978714e+012
  4.327309327037e+011 -2.838022953668e+012
  4.327376549991e+011 -2.838021928607e+012
  4.327443772919e+011 -2.838020903530e+012
  4.327510995824e+011 -2.838019878437e+012
  4.327578218703e+011 -2.838018853328e+012
  4.327645441559e+011 -2.838017828202e+012
  4.327712664390e+011 -2.838016803061e+012
  4.327779887196e+011 -2.838015777904e+012
  4.327847109978e+011 -2.838014752730e+012
  4.327914332736e+011 -2.838013727541e+012
  4.327981555469e+011 -2.838012702335e+012
  4.328048778178e+011 -2.838011677114e+012
  4.328116000862e+011 -2.838010651876e+012
  4.328183223522e+011 -2.838009626622e+012
  4.328250446157e+011 -2.838008601353e+012
  4.328317668768e+011 -2.838007576067e+012
  4.328384891354e+011 -2.838006550765e+012
  4.328452113916e+011 -2.838005525448e+012
  4.328519336454e+011 -2.838004500114e+012
  4.328586558967e+011 -2.838003474764e+012
  4.328653781455e+011 -2.838002449398e+012
  4.328721003919e+011 -2.838001424016e+012
  4.328788226359e+011 -2.838000398618e+012
  4.328855448774e+011 -2.837999373204e+012
  4.328922671165e+011 -2.837998347774e+012
  4.328989893531e+011 -2.837997322328e+012
  4.329057115873e+011 -2.837996296866e+012
  4.329124338191e+011 -2.837995271388e+012
  4.329191560483e+011 -2.837994245894e+012
  4.329258782752e+011 -2.837993220383e+012
  4.329326004996e+011 -2.837992194857e+012
  4.329393227216e+011 -2.837991169315e+012
  4.329460449411e+011 -2.837990143756e+012
  4.329527671581e+011 -2.837989118182e+012
  4.329594893727e+011 -2.837988092592e+012
  4.329662115849e+011 -2.837987066985e+012
  4.329729337946e+011 -2.837986041363e+012
  4.329796560019e+011 -2.837985015724e+012
  4.329863782067e+011 -2.837983990069e+012
  4.329931004091e+011 -2.837982964399e+012
  4.329998226091e+011 -2.837981938712e+012
  4.330065448066e+011 -2.837980913010e+012
  4.330132670016e+011 -2.837979887291e+012
  4.330199891942e+011 -2.837978861556e+012
  4.330267113844e+011 -2.837977835805e+012
  4.330334335721e+011 -2.837976810038e+012
  4.330401557573e+011 -2.837975784255e+012
  4.330468779401e+011 -2.837974758457e+012
  4.330536001205e+011 -2.837973732642e+012
  4.330603222984e+011 -2.837972706811e+012
  4.330670444739e+011 -2.837971680964e+012
  4.330737666469e+011 -2.837970655100e+012
  4.330804888175e+011 -2.837969629221e+012
  4.330872109857e+011 -2.837968603326e+012
  4.330939331513e+011 -2.837967577415e+012
  4.331006553146e+011 -2.837966551488e+012
  4.331073774754e+011 -2.837965525544e+012
  4.331140996337e+011 -2.837964499585e+012
  4.331208217896e+011 -2.837963473610e+012
  4.331275439431e+011 -2.837962447618e+012
  4.331342660941e+011 -2.837961421611e+012
  4.331409882426e+011 -2.837960395588e+012
  4.331477103887e+011 -2.837959369548e+012
  4.331544325324e+011 -2.837958343492e+012
  4.331611546736e+011 -2.837957317421e+012
  4.331678768124e+011 -2.837956291333e+012
  4.331745989487e+011 -2.837955265230e+012
  4.331813210826e+011 -2.837954239110e+012
  4.331880432140e+011 -2.837953212974e+012
  4.331947653430e+011 -2.837952186822e+012
  4.332014874695e+011 -2.837951160655e+012
  4.332082095936e+011 -2.837950134471e+012
  4.332149317153e+011 -2.837949108271e+012
  4.332216538344e+011 -2.837948082055e+012
  4.332283759512e+011 -2.837947055823e+012
  4.332350980655e+011 -2.837946029575e+012
  4.332418201773e+011 -2.837945003311e+012
  4.332485422867e+011 -2.837943977031e+012
  4.332552643937e+011 -2.837942950735e+012
  4.332619864982e+011 -2.837941924423e+012
  4.332687086002e+011 -2.837940898094e+012
  4.332754306998e+011 -2.837939871750e+012
  4.332821527970e+011 -2.837938845390e+012
  4.332888748917e+011 -2.837937819014e+012
  4.332955969840e+011 -2.837936792621e+012
  4.333023190738e+011 -2.837935766213e+012
  4.333090411612e+011 -2.837934739788e+012
  4.333157632461e+011 -2.837933713348e+012
  4.333224853286e+011 -2.837932686892e+012
  4.333292074086e+011 -2.837931660419e+012
  4.333359294862e+011 -2.837930633930e+012
  4.333426515613e+011 -2.837929607426e+012
  4.333493736340e+011 -2.837928580905e+012
  4.333560957042e+011 -2.837927554368e+012
  4.333628177720e+011 -2.837926527816e+012
  4.333695398373e+011 -2.837925501247e+012
  4.333762619002e+011 -2.837924474662e+012
  4.333829839606e+011 -2.837923448061e+012
  4.333897060186e+011 -2.837922421444e+012
  4.333964280742e+011 -2.837921394812e+012
  4.334031501272e+011 -2.837920368163e+012
  4.334098721779e+011 -2.837919341498e+012
  4.334165942261e+011 -2.837918314817e+012
  4.334233162718e+011 -2.837917288119e+012
  4.334300383151e+011 -2.837916261406e+012
  4.334367603560e+011 -2.837915234677e+012
  4.334434823944e+011 -2.837914207932e+012
  4.334502044303e+011 -2.837913181171e+012
  4.334569264638e+011 -2.837912154394e+012
  4.334636484949e+011 -2.837911127600e+012
  4.334703705235e+011 -2.837910100791e+012
  4.334770925496e+011 -2.837909073966e+012
  4.334838145733e+011 -2.837908047124e+012
  4.334905365946e+011 -2.837907020267e+012
  4.334972586134e+011 -2.837905993393e+012
  4.335039806298e+011 -2.837904966504e+012
  4.335107026437e+011 -2.837903939598e+012
  4.335174246551e+011 -2.837902912676e+012
  4.335241466641e+011 -2.837901885739e+012
  4.335308686707e+011 -2.837900858785e+012
  4.335375906748e+011 -2.837899831815e+012
  4.335443126765e+011 -2.837898804830e+012
  4.335510346757e+011 -2.837897777828e+012
  4.335577566724e+011 -2.837896750810e+012
  4.335644786667e+011 -2.837895723776e+012
  4.335712006586e+011 -2.837894696726e+012
  4.335779226480e+011 -2.837893669660e+012
  4.335846446350e+011 -2.837892642578e+012
  4.335913666195e+011 -2.837891615480e+012
  4.335980886016e+011 -2.837890588366e+012
  4.336048105812e+011 -2.837889561236e+012
  4.336115325584e+011 -2.837888534090e+012
  4.336182545331e+011 -2.837887506928e+012
  4.336249765053e+011 -2.837886479750e+012
  4.336316984751e+011 -2.837885452555e+012
  4.336384204425e+011 -2.837884425345e+012
  4.336451424074e+011 -2.837883398119e+012
  4.336518643699e+011 -2.837882370876e+012
  4.336585863299e+011 -2.837881343618e+012
  4.336653082875e+011 -2.837880316344e+012
  4.336720302426e+011 -2.837879289053e+012
  4.336787521953e+011 -2.837878261747e+012
  4.336854741455e+011 -2.837877234424e+012
  4.336921960932e+011 -2.837876207085e+012
  4.336989180386e+011 -2.837875179731e+012
  4.337056399814e+011 -2.837874152360e+012
  4.337123619218e+011 -2.837873124973e+012
  4.337190838598e+011 -2.837872097571e+012
  4.337258057953e+011 -2.837871070152e+012
  4.337325277284e+011 -2.837870042717e+012
  4.337392496590e+011 -2.837869015266e+012
  4.337459715872e+011 -2.837867987799e+012
  4.337526935129e+011 -2.837866960316e+012
  4.337594154361e+011 -2.837865932817e+012
  4.337661373569e+011 -2.837864905302e+012
  4.337728592753e+011 -2.837863877771e+012
  4.337795811912e+011 -2.837862850224e+012
  4.337863031047e+011 -2.837861822661e+012
  4.337930250157e+011 -2.837860795082e+012
  4.337997469242e+011 -2.837859767487e+012
  4.338064688303e+011 -2.837858739876e+012
  4.338131907340e+011 -2.837857712248e+012
  4.338199126352e+011 -2.837856684605e+012
  4.338266345339e+011 -2.837855656946e+012
  4.338333564302e+011 -2.837854629270e+012
  4.338400783241e+011 -2.837853601579e+012
  4.338468002155e+011 -2.837852573871e+012
  4.338535221044e+011 -2.837851546148e+012
  4.338602439909e+011 -2.837850518408e+012
  4.338669658750e+011 -2.837849490653e+012
  4.338736877566e+011 -2.837848462881e+012
  4.338804096357e+011 -2.837847435094e+012
  4.338871315124e+011 -2.837846407290e+012
  4.338938533867e+011 -2.837845379470e+012
  4.339005752584e+011 -2.837844351634e+012
  4.339072971278e+011 -2.837843323783e+012
  4.339140189947e+011 -2.837842295915e+012
  4.339207408591e+011 -2.837841268031e+012
  4.339274627211e+011 -2.837840240131e+012
  4.339341845806e+011 -2.837839212215e+012
  4.339409064377e+011 -2.837838184283e+012
  4.339476282923e+011 -2.837837156335e+012
  4.339543501445e+011 -2.837836128371e+012
  4.339610719942e+011 -2.837835100391e+012
  4.339677938415e+011 -2.837834072395e+012
  4.339745156863e+011 -2.837833044383e+012
  4.339812375287e+011 -2.837832016354e+012
  4.339879593686e+011 -2.837830988310e+012
  4.339946812061e+011 -2.837829960250e+012
  4.340014030411e+011 -2.837828932173e+012
  4.340081248737e+011 -2.837827904081e+012
  4.340148467038e+011 -2.837826875973e+012
  4.340215685314e+011 -2.837825847848e+012
  4.340282903566e+011 -2.837824819708e+012
  4.340350121794e+011 -2.837823791551e+012
  4.340417339997e+011 -2.837822763379e+012
  4.340484558175e+011 -2.837821735190e+012
  4.340551776329e+011 -2.837820706985e+012
  4.340618994459e+011 -2.837819678765e+012
  4.340686212564e+011 -2.837818650528e+012
  4.340753430644e+011 -2.837817622275e+012
  4.340820648700e+011 -2.837816594007e+012
  4.340887866731e+011 -2.837815565722e+012
  4.340955084738e+011 -2.837814537421e+012
  4.341022302720e+011 -2.837813509104e+012
  4.341089520678e+011 -2.837812480771e+012
  4.341156738611e+011 -2.837811452422e+012
  4.341223956520e+011 -2.837810424057e+012
  4.341291174404e+011 -2.837809395676e+012
  4.341358392264e+011 -2.837808367279e+012
  4.341425610099e+011 -2.837807338866e+012
  4.341492827910e+011 -2.837806310437e+012
  4.341560045696e+011 -2.837805281992e+012
  4.341627263457e+011 -2.837804253530e+012
  4.341694481194e+011 -2.837803225053e+012
  4.341761698907e+011 -2.837802196560e+012
  4.341828916595e+011 -2.837801168050e+012
  4.341896134258e+011 -2.837800139525e+012
  4.341963351897e+011 -2.837799110984e+012
  4.342030569512e+011 -2.837798082426e+012
  4.342097787101e+011 -2.837797053853e+012
  4.342165004667e+011 -2.837796025263e+012
  4.342232222208e+011 -2.837794996658e+012
  4.342299439724e+011 -2.837793968036e+012
  4.342366657215e+011 -2.837792939398e+012
  4.342433874683e+011 -2.837791910745e+012
  4.342501092125e+011 -2.837790882075e+012
  4.342568309543e+011 -2.837789853389e+012
  4.342635526937e+011 -2.837788824687e+012
  4.342702744306e+011 -2.837787795970e+012
  4.342769961651e+011 -2.837786767236e+012
  4.342837178970e+011 -2.837785738486e+012
  4.342904396266e+011 -2.837784709720e+012
  4.342971613537e+011 -2.837783680938e+012
  4.343038830783e+011 -2.837782652140e+012
  4.343106048005e+011 -2.837781623326e+012
  4.343173265202e+011 -2.837780594496e+012
  4.343240482375e+011 -2.837779565650e+012
  4.343307699523e+011 -2.837778536787e+012
  4.343374916647e+011 -2.837777507909e+012
  4.343442133746e+011 -2.837776479015e+012
  4.343509350821e+011 -2.837775450105e+012
  4.343576567871e+011 -2.837774421178e+012
  4.343643784896e+011 -2.837773392236e+012
  4.343711001897e+011 -2.837772363278e+012
  4.343778218874e+011 -2.837771334303e+012
  4.343845435825e+011 -2.837770305313e+012
  4.343912652753e+011 -2.837769276306e+012
  4.343979869656e+011 -2.837768247284e+012
  4.344047086534e+011 -2.837767218245e+012
  4.344114303388e+011 -2.837766189191e+012
  4.344181520217e+011 -2.837765160120e+012
  4.344248737021e+011 -2.837764131033e+012
  4.344315953801e+011 -2.837763101931e+012
  4.344383170557e+011 -2.837762072812e+012
  4.344450387288e+011 -2.837761043677e+012
  4.344517603994e+011 -2.837760014526e+012
  4.344584820676e+011 -2.837758985359e+012
  4.344652037334e+011 -2.837757956176e+012
  4.344719253967e+011 -2.837756926977e+012
  4.344786470575e+011 -2.837755897762e+012
  4.344853687159e+011 -2.837754868531e+012
  4.344920903718e+011 -2.837753839284e+012
  4.344988120252e+011 -2.837752810021e+012
  4.345055336762e+011 -2.837751780742e+012
  4.345122553248e+011 -2.837750751447e+012
  4.345189769709e+011 -2.837749722136e+012
  4.345256986145e+011 -2.837748692809e+012
  4.345324202557e+011 -2.837747663465e+012
  4.345391418945e+011 -2.837746634106e+012
  4.345458635307e+011 -2.837745604731e+012
  4.345525851646e+011 -2.837744575339e+012
  4.345593067959e+011 -2.837743545932e+012
  4.345660284248e+011 -2.837742516508e+012
  4.345727500513e+011 -2.837741487069e+012
  4.345794716753e+011 -2.837740457613e+012
  4.345861932968e+011 -2.837739428142e+012
  4.345929149159e+011 -2.837738398654e+012
  4.345996365326e+011 -2.837737369150e+012
  4.346063581468e+011 -2.837736339631e+012
  4.346130797585e+011 -2.837735310095e+012
  4.346198013678e+011 -2.837734280543e+012
  4.346265229746e+011 -2.837733250975e+012
  4.346332445789e+011 -2.837732221392e+012
  4.346399661808e+011 -2.837731191792e+012
  4.346466877803e+011 -2.837730162176e+012
  4.346534093773e+011 -2.837729132544e+012
  4.346601309718e+011 -2.837728102896e+012
  4.346668525639e+011 -2.837727073232e+012
  4.346735741535e+011 -2.837726043552e+012
  4.346802957407e+011 -2.837725013856e+012
  4.346870173254e+011 -2.837723984144e+012
  4.346937389077e+011 -2.837722954415e+012
  4.347004604875e+011 -2.837721924671e+012
  4.347071820648e+011 -2.837720894911e+012
  4.347139036397e+011 -2.837719865135e+012
  4.347206252121e+011 -2.837718835342e+012
  4.347273467821e+011 -2.837717805534e+012
  4.347340683496e+011 -2.837716775710e+012
  4.347407899147e+011 -2.837715745869e+012
  4.347475114773e+011 -2.837714716013e+012
  4.347542330375e+011 -2.837713686140e+012
  4.347609545952e+011 -2.837712656252e+012
  4.347676761504e+011 -2.837711626347e+012
  4.347743977032e+011 -2.837710596426e+012
  4.347811192535e+011 -2.837709566490e+012
  4.347878408014e+011 -2.837708536537e+012
  4.347945623468e+011 -2.837707506568e+012
  4.348012838897e+011 -2.837706476584e+012
  4.348080054302e+011 -2.837705446583e+012
  4.348147269683e+011 -2.837704416566e+012
  4.348214485039e+011 -2.837703386533e+012
  4.348281700370e+011 -2.837702356484e+012
  4.348348915677e+011 -2.837701326419e+012
  4.348416130959e+011 -2.837700296338e+012
  4.348483346217e+011 -2.837699266241e+012
  4.348550561450e+011 -2.837698236128e+012
  4.348617776658e+011 -2.837697205999e+012
  4.348684991842e+011 -2.837696175854e+012
  4.348752207002e+011 -2.837695145693e+012
  4.348819422136e+011 -2.837694115516e+012
  4.348886637246e+011 -2.837693085322e+012
  4.348953852332e+011 -2.837692055113e+012
  4.349021067393e+011 -2.837691024888e+012
  4.349088282430e+011 -2.837689994646e+012
  4.349155497442e+011 -2.837688964389e+012
  4.349222712429e+011 -2.837687934116e+012
  4.349289927392e+011 -2.837686903826e+012
  4.349357142330e+011 -2.837685873521e+012
  4.349424357244e+011 -2.837684843199e+012
  4.349491572133e+011 -2.837683812862e+012
  4.349558786997e+011 -2.837682782508e+012
  4.349626001837e+011 -2.837681752138e+012
  4.349693216652e+011 -2.837680721753e+012
  4.349760431443e+011 -2.837679691351e+012
  4.349827646209e+011 -2.837678660933e+012
  4.349894860951e+011 -2.837677630499e+012
  4.349962075668e+011 -2.837676600050e+012
  4.350029290360e+011 -2.837675569584e+012
  4.350096505028e+011 -2.837674539102e+012
  4.350163719672e+011 -2.837673508604e+012
  4.350230934290e+011 -2.837672478090e+012
  4.350298148885e+011 -2.837671447560e+012
  4.350365363454e+011 -2.837670417014e+012
  4.350432577999e+011 -2.837669386452e+012
  4.350499792520e+011 -2.837668355874e+012
  4.350567007015e+011 -2.837667325279e+012
  4.350634221487e+011 -2.837666294669e+012
  4.350701435933e+011 -2.837665264043e+012
  4.350768650355e+011 -2.837664233401e+012
  4.350835864753e+011 -2.837663202742e+012
  4.350903079126e+011 -2.837662172068e+012
  4.350970293474e+011 -2.837661141378e+012
  4.351037507798e+011 -2.837660110671e+012
  4.351104722097e+011 -2.837659079949e+012
  4.351171936372e+011 -2.837658049210e+012
  4.351239150622e+011 -2.837657018456e+012
  4.351306364847e+011 -2.837655987685e+012
  4.351373579048e+011 -2.837654956899e+012
  4.351440793224e+011 -2.837653926096e+012
  4.351508007376e+011 -2.837652895277e+012
  4.351575221503e+011 -2.837651864443e+012
  4.351642435606e+011 -2.837650833592e+012
  4.351709649684e+011 -2.837649802725e+012
  4.351776863737e+011 -2.837648771842e+012
  4.351844077766e+011 -2.837647740943e+012
  4.351911291770e+011 -2.837646710029e+012
  4.351978505750e+011 -2.837645679098e+012
  4.352045719705e+011 -2.837644648151e+012
  4.352112933635e+011 -2.837643617188e+012
  4.352180147541e+011 -2.837642586209e+012
  4.352247361422e+011 -2.837641555214e+012
  4.352314575279e+011 -2.837640524202e+012
  4.352381789111e+011 -2.837639493175e+012
  4.352449002918e+011 -2.837638462132e+012
  4.352516216701e+011 -2.837637431073e+012
  4.352583430459e+011 -2.837636399998e+012
  4.352650644193e+011 -2.837635368906e+012
  4.352717857902e+011 -2.837634337799e+012
  4.352785071587e+011 -2.837633306676e+012
  4.352852285247e+011 -2.837632275536e+012
  4.352919498882e+011 -2.837631244381e+012
  4.352986712493e+011 -2.837630213209e+012
  4.353053926079e+011 -2.837629182022e+012
  4.353121139640e+011 -2.837628150818e+012
  4.353188353177e+011 -2.837627119599e+012
  4.353255566690e+011 -2.837626088363e+012
  4.353322780177e+011 -2.837625057111e+012
  4.353389993641e+011 -2.837624025844e+012
  4.353457207079e+011 -2.837622994560e+012
  4.353524420493e+011 -2.837621963260e+012
  4.353591633882e+011 -2.837620931944e+012
  4.353658847247e+011 -2.837619900613e+012
  4.353726060587e+011 -2.837618869265e+012
  4.353793273903e+011 -2.837617837901e+012
  4.353860487194e+011 -2.837616806521e+012
  4.353927700460e+011 -2.837615775125e+012
  4.353994913702e+011 -2.837614743713e+012
  4.354062126919e+011 -2.837613712285e+012
  4.354129340112e+011 -2.837612680841e+012
  4.354196553280e+011 -2.837611649381e+012
  4.354263766423e+011 -2.837610617904e+012
  4.354330979542e+011 -2.837609586412e+012
  4.354398192636e+011 -2.837608554904e+012
  4.354465405706e+011 -2.837607523380e+012
  4.354532618751e+011 -2.837606491839e+012
  4.354599831771e+011 -2.837605460283e+012
  4.354667044767e+011 -2.837604428711e+012
  4.354734257738e+011 -2.837603397122e+012
  4.354801470685e+011 -2.837602365518e+012
  4.354868683607e+011 -2.837601333897e+012
  4.354935896504e+011 -2.837600302261e+012
  4.355003109377e+011 -2.837599270608e+012
  4.355070322225e+011 -2.837598238939e+012
  4.355137535049e+011 -2.837597207255e+012
  4.355204747848e+011 -2.837596175554e+012
  4.355271960622e+011 -2.837595143837e+012
  4.355339173372e+011 -2.837594112105e+012
  4.355406386097e+011 -2.837593080356e+012
  4.355473598797e+011 -2.837592048591e+012
  4.355540811473e+011 -2.837591016810e+012
  4.355608024125e+011 -2.837589985013e+012
  4.355675236751e+011 -2.837588953200e+012
  4.355742449353e+011 -2.837587921371e+012
  4.355809661931e+011 -2.837586889526e+012
  4.355876874484e+011 -2.837585857665e+012
  4.355944087012e+011 -2.837584825788e+012
  4.356011299516e+011 -2.837583793895e+012
  4.356078511995e+011 -2.837582761986e+012
  4.356145724449e+011 -2.837581730061e+012
  4.356212936879e+011 -2.837580698120e+012
  4.356280149284e+011 -2.837579666162e+012
  4.356347361665e+011 -2.837578634189e+012
  4.356414574021e+011 -2.837577602200e+012
  4.356481786352e+011 -2.837576570194e+012
  4.356548998659e+011 -2.837575538173e+012
  4.356616210941e+011 -2.837574506136e+012
  4.356683423199e+011 -2.837573474082e+012
  4.356750635432e+011 -2.837572442013e+012
  4.356817847640e+011 -2.837571409927e+012
  4.356885059824e+011 -2.837570377825e+012
  4.356952271983e+011 -2.837569345708e+012
  4.357019484117e+011 -2.837568313574e+012
  4.357086696227e+011 -2.837567281425e+012
  4.357153908312e+011 -2.837566249259e+012
  4.357221120373e+011 -2.837565217077e+012
  4.357288332409e+011 -2.837564184879e+012
  4.357355544420e+011 -2.837563152665e+012
  4.357422756407e+011 -2.837562120436e+012
  4.357489968369e+011 -2.837561088190e+012
  4.357557180307e+011 -2.837560055928e+012
  4.357624392220e+011 -2.837559023650e+012
  4.357691604108e+011 -2.837557991356e+012
  4.357758815972e+011 -2.837556959046e+012
  4.357826027811e+011 -2.837555926720e+012
  4.357893239625e+011 -2.837554894377e+012
  4.357960451415e+011 -2.837553862019e+012
  4.358027663180e+011 -2.837552829645e+012
  4.358094874921e+011 -2.837551797255e+012
  4.358162086637e+011 -2.837550764849e+012
  4.358229298328e+011 -2.837549732426e+012
  4.358296509995e+011 -2.837548699988e+012
  4.358363721637e+011 -2.837547667534e+012
  4.358430933254e+011 -2.837546635063e+012
  4.358498144847e+011 -2.837545602577e+012
  4.358565356415e+011 -2.837544570074e+012
  4.358632567959e+011 -2.837543537556e+012
  4.358699779478e+011 -2.837542505021e+012
  4.358766990972e+011 -2.837541472471e+012
  4.358834202442e+011 -2.837540439904e+012
  4.358901413887e+011 -2.837539407321e+012
  4.358968625307e+011 -2.837538374723e+012
  4.359035836703e+011 -2.837537342108e+012
  4.359103048074e+011 -2.837536309477e+012
  4.359170259421e+011 -2.837535276830e+012
  4.359237470743e+011 -2.837534244167e+012
  4.359304682040e+011 -2.837533211489e+012
  4.359371893313e+011 -2.837532178794e+012
  4.359439104561e+011 -2.837531146083e+012
  4.359506315784e+011 -2.837530113356e+012
  4.359573526983e+011 -2.837529080613e+012
  4.359640738157e+011 -2.837528047854e+012
  4.359707949307e+011 -2.837527015079e+012
  4.359775160431e+011 -2.837525982287e+012
  4.359842371532e+011 -2.837524949480e+012
  4.359909582607e+011 -2.837523916657e+012
  4.359976793658e+011 -2.837522883818e+012
  4.360044004685e+011 -2.837521850963e+012
  4.360111215686e+011 -2.837520818091e+012
  4.360178426664e+011 -2.837519785204e+012
  4.360245637616e+011 -2.837518752301e+012
  4.360312848544e+011 -2.837517719381e+012
  4.360380059447e+011 -2.837516686446e+012
  4.360447270326e+011 -2.837515653494e+012
  4.360514481180e+011 -2.837514620527e+012
  4.360581692009e+011 -2.837513587543e+012
  4.360648902813e+011 -2.837512554543e+012
  4.360716113594e+011 -2.837511521528e+012
  4.360783324349e+011 -2.837510488496e+012
  4.360850535080e+011 -2.837509455448e+012
  4.360917745786e+011 -2.837508422385e+012
  4.360984956467e+011 -2.837507389305e+012
  4.361052167124e+011 -2.837506356209e+012
  4.361119377756e+011 -2.837505323097e+012
  4.361186588364e+011 -2.837504289969e+012
  4.361253798947e+011 -2.837503256826e+012
  4.361321009505e+011 -2.837502223666e+012
  4.361388220039e+011 -2.837501190490e+012
  4.361455430548e+011 -2.837500157298e+012
  4.361522641032e+011 -2.837499124089e+012
  4.361589851492e+011 -2.837498090865e+012
  4.361657061927e+011 -2.837497057625e+012
  4.361724272337e+011 -2.837496024369e+012
  4.361791482723e+011 -2.837494991097e+012
  4.361858693084e+011 -2.837493957809e+012
  4.361925903421e+011 -2.837492924504e+012
  4.361993113732e+011 -2.837491891184e+012
  4.362060324020e+011 -2.837490857848e+012
  4.362127534282e+011 -2.837489824495e+012
  4.362194744520e+011 -2.837488791127e+012
  4.362261954733e+011 -2.837487757742e+012
  4.362329164922e+011 -2.837486724342e+012
  4.362396375086e+011 -2.837485690925e+012
  4.362463585225e+011 -2.837484657493e+012
  4.362530795340e+011 -2.837483624044e+012
  4.362598005430e+011 -2.837482590580e+012
  4.362665215495e+011 -2.837481557099e+012
  4.362732425536e+011 -2.837480523602e+012
  4.362799635552e+011 -2.837479490090e+012
  4.362866845544e+011 -2.837478456561e+012
  4.362934055511e+011 -2.837477423016e+012
  4.363001265453e+011 -2.837476389455e+012
  4.363068475370e+011 -2.837475355878e+012
  4.363135685263e+011 -2.837474322285e+012
  4.363202895131e+011 -2.837473288676e+012
  4.363270104975e+011 -2.837472255051e+012
  4.363337314794e+011 -2.837471221410e+012
  4.363404524588e+011 -2.837470187753e+012
  4.363471734358e+011 -2.837469154080e+012
