 -4.209737591833e+010 -9.914476603038e+010
 -4.206515520859e+010 -9.915843446506e+010
 -4.203293000572e+010 -9.917209230780e+010
 -4.200070031315e+010 -9.918573955712e+010
 -4.196846613433e+010 -9.919937621159e+010
 -4.193622747270e+010 -9.921300226973e+010
 -4.190398433170e+010 -9.922661773009e+010
 -4.187173671478e+010 -9.924022259122e+010
 -4.183948462539e+010 -9.925381685167e+010
 -4.180722806697e+010 -9.926740050998e+010
 -4.177496704296e+010 -9.928097356471e+010
 -4.174270155681e+010 -9.929453601440e+010
 -4.171043161197e+010 -9.930808785760e+010
 -4.167815721188e+010 -9.932162909287e+010
 -4.164587836000e+010 -9.933515971875e+010
 -4.161359505976e+010 -9.934867973382e+010
 -4.158130731463e+010 -9.936218913661e+010
 -4.154901512804e+010 -9.937568792569e+010
 -4.151671850345e+010 -9.938917609961e+010
 -4.148441744431e+010 -9.940265365693e+010
 -4.145211195406e+010 -9.941612059622e+010
 -4.141980203616e+010 -9.942957691603e+010
 -4.138748769406e+010 -9.944302261493e+010
 -4.135516893121e+010 -9.945645769148e+010
 -4.132284575107e+010 -9.946988214424e+010
 -4.129051815708e+010 -9.948329597178e+010
 -4.125818615269e+010 -9.949669917267e+010
 -4.122584974137e+010 -9.951009174547e+010
 -4.119350892657e+010 -9.952347368875e+010
 -4.116116371173e+010 -9.953684500108e+010
 -4.112881410032e+010 -9.955020568104e+010
 -4.109646009579e+010 -9.956355572719e+010
 -4.106410170160e+010 -9.957689513811e+010
 -4.103173892119e+010 -9.959022391237e+010
 -4.099937175804e+010 -9.960354204855e+010
 -4.096700021559e+010 -9.961684954522e+010
 -4.093462429731e+010 -9.963014640096e+010
 -4.090224400665e+010 -9.964343261435e+010
 -4.086985934706e+010 -9.965670818397e+010
 -4.083747032202e+010 -9.966997310840e+010
 -4.080507693497e+010 -9.968322738623e+010
 -4.077267918939e+010 -9.969647101603e+010
 -4.074027708872e+010 -9.970970399638e+010
 -4.070787063643e+010 -9.972292632589e+010
 -4.067545983598e+010 -9.973613800312e+010
 -4.064304469083e+010 -9.974933902667e+010
 -4.061062520444e+010 -9.976252939513e+010
 -4.057820138028e+010 -9.977570910708e+010
 -4.054577322181e+010 -9.978887816112e+010
 -4.051334073250e+010 -9.980203655584e+010
 -4.048090391580e+010 -9.981518428982e+010
 -4.044846277518e+010 -9.982832136168e+010
 -4.041601731410e+010 -9.984144776999e+010
 -4.038356753604e+010 -9.985456351336e+010
 -4.035111344445e+010 -9.986766859039e+010
 -4.031865504280e+010 -9.988076299967e+010
 -4.028619233457e+010 -9.989384673979e+010
 -4.025372532321e+010 -9.990691980937e+010
 -4.022125401219e+010 -9.991998220701e+010
 -4.018877840498e+010 -9.993303393130e+010
 -4.015629850505e+010 -9.994607498085e+010
 -4.012381431587e+010 -9.995910535427e+010
 -4.009132584091e+010 -9.997212505016e+010
 -4.005883308364e+010 -9.998513406712e+010
 -4.002633604752e+010 -9.999813240378e+010
 -3.999383473603e+010 -1.000111200587e+011
 -3.996132915263e+010 -1.000240970306e+011
 -3.992881930081e+010 -1.000370633180e+011
 -3.989630518403e+010 -1.000500189195e+011
 -3.986378680576e+010 -1.000629638337e+011
 -3.983126416948e+010 -1.000758980593e+011
 -3.979873727866e+010 -1.000888215949e+011
 -3.976620613677e+010 -1.001017344391e+011
 -3.973367074729e+010 -1.001146365905e+011
 -3.970113111369e+010 -1.001275280477e+011
 -3.966858723944e+010 -1.001404088094e+011
 -3.963603912803e+010 -1.001532788741e+011
 -3.960348678293e+010 -1.001661382405e+011
 -3.957093020761e+010 -1.001789869073e+011
 -3.953836940555e+010 -1.001918248730e+011
 -3.950580438023e+010 -1.002046521363e+011
 -3.947323513513e+010 -1.002174686957e+011
 -3.944066167372e+010 -1.002302745500e+011
 -3.940808399948e+010 -1.002430696978e+011
 -3.937550211589e+010 -1.002558541376e+011
 -3.934291602643e+010 -1.002686278681e+011
 -3.931032573458e+010 -1.002813908880e+011
 -3.927773124382e+010 -1.002941431959e+011
 -3.924513255763e+010 -1.003068847904e+011
 -3.921252967949e+010 -1.003196156701e+011
 -3.917992261288e+010 -1.003323358337e+011
 -3.914731136129e+010 -1.003450452799e+011
 -3.911469592819e+010 -1.003577440072e+011
 -3.908207631708e+010 -1.003704320143e+011
 -3.904945253143e+010 -1.003831092999e+011
 -3.901682457472e+010 -1.003957758626e+011
 -3.898419245045e+010 -1.004084317010e+011
 -3.895155616209e+010 -1.004210768138e+011
 -3.891891571312e+010 -1.004337111996e+011
 -3.888627110705e+010 -1.004463348570e+011
 -3.885362234735e+010 -1.004589477848e+011
 -3.882096943750e+010 -1.004715499816e+011
 -3.878831238099e+010 -1.004841414460e+011
 -3.875565118132e+010 -1.004967221766e+011
 -3.872298584197e+010 -1.005092921722e+011
 -3.869031636642e+010 -1.005218514313e+011
 -3.865764275817e+010 -1.005343999527e+011
 -3.862496502070e+010 -1.005469377350e+011
 -3.859228315750e+010 -1.005594647768e+011
 -3.855959717206e+010 -1.005719810768e+011
 -3.852690706788e+010 -1.005844866336e+011
 -3.849421284844e+010 -1.005969814460e+011
 -3.846151451723e+010 -1.006094655126e+011
 -3.842881207775e+010 -1.006219388320e+011
 -3.839610553349e+010 -1.006344014029e+011
 -3.836339488793e+010 -1.006468532240e+011
 -3.833068014458e+010 -1.006592942940e+011
 -3.829796130692e+010 -1.006717246114e+011
 -3.826523837845e+010 -1.006841441750e+011
 -3.823251136266e+010 -1.006965529835e+011
 -3.819978026304e+010 -1.007089510354e+011
 -3.816704508310e+010 -1.007213383296e+011
 -3.813430582632e+010 -1.007337148646e+011
 -3.810156249621e+010 -1.007460806391e+011
 -3.806881509625e+010 -1.007584356518e+011
 -3.803606362995e+010 -1.007707799014e+011
 -3.800330810080e+010 -1.007831133866e+011
 -3.797054851229e+010 -1.007954361060e+011
 -3.793778486793e+010 -1.008077480583e+011
 -3.790501717122e+010 -1.008200492422e+011
 -3.787224542565e+010 -1.008323396564e+011
 -3.783946963472e+010 -1.008446192995e+011
 -3.780668980193e+010 -1.008568881703e+011
 -3.777390593078e+010 -1.008691462674e+011
 -3.774111802477e+010 -1.008813935895e+011
 -3.770832608740e+010 -1.008936301354e+011
 -3.767553012218e+010 -1.009058559036e+011
 -3.764273013260e+010 -1.009180708928e+011
 -3.760992612217e+010 -1.009302751019e+011
 -3.757711809438e+010 -1.009424685293e+011
 -3.754430605274e+010 -1.009546511740e+011
 -3.751149000076e+010 -1.009668230345e+011
 -3.747866994194e+010 -1.009789841095e+011
 -3.744584587977e+010 -1.009911343977e+011
 -3.741301781778e+010 -1.010032738979e+011
 -3.738018575945e+010 -1.010154026087e+011
 -3.734734970830e+010 -1.010275205288e+011
 -3.731450966783e+010 -1.010396276570e+011
 -3.728166564155e+010 -1.010517239919e+011
 -3.724881763296e+010 -1.010638095322e+011
 -3.721596564558e+010 -1.010758842766e+011
 -3.718310968290e+010 -1.010879482239e+011
 -3.715024974843e+010 -1.011000013727e+011
 -3.711738584569e+010 -1.011120437218e+011
 -3.708451797819e+010 -1.011240752698e+011
 -3.705164614942e+010 -1.011360960155e+011
 -3.701877036291e+010 -1.011481059576e+011
 -3.698589062215e+010 -1.011601050947e+011
 -3.695300693067e+010 -1.011720934257e+011
 -3.692011929196e+010 -1.011840709491e+011
 -3.688722770955e+010 -1.011960376638e+011
 -3.685433218695e+010 -1.012079935685e+011
 -3.682143272765e+010 -1.012199386618e+011
 -3.678852933519e+010 -1.012318729425e+011
 -3.675562201306e+010 -1.012437964093e+011
 -3.672271076479e+010 -1.012557090609e+011
 -3.668979559389e+010 -1.012676108960e+011
 -3.665687650386e+010 -1.012795019134e+011
 -3.662395349823e+010 -1.012913821118e+011
 -3.659102658051e+010 -1.013032514899e+011
 -3.655809575422e+010 -1.013151100464e+011
 -3.652516102286e+010 -1.013269577801e+011
 -3.649222238996e+010 -1.013387946897e+011
 -3.645927985903e+010 -1.013506207739e+011
 -3.642633343359e+010 -1.013624360314e+011
 -3.639338311716e+010 -1.013742404611e+011
 -3.636042891325e+010 -1.013860340615e+011
 -3.632747082538e+010 -1.013978168315e+011
 -3.629450885707e+010 -1.014095887698e+011
 -3.626154301184e+010 -1.014213498751e+011
 -3.622857329320e+010 -1.014331001462e+011
 -3.619559970468e+010 -1.014448395817e+011
 -3.616262224980e+010 -1.014565681805e+011
 -3.612964093208e+010 -1.014682859412e+011
 -3.609665575503e+010 -1.014799928627e+011
 -3.606366672219e+010 -1.014916889436e+011
 -3.603067383706e+010 -1.015033741827e+011
 -3.599767710318e+010 -1.015150485788e+011
 -3.596467652406e+010 -1.015267121305e+011
 -3.593167210323e+010 -1.015383648367e+011
 -3.589866384421e+010 -1.015500066961e+011
 -3.586565175052e+010 -1.015616377074e+011
 -3.583263582569e+010 -1.015732578694e+011
 -3.579961607325e+010 -1.015848671808e+011
 -3.576659249671e+010 -1.015964656404e+011
 -3.573356509960e+010 -1.016080532470e+011
 -3.570053388545e+010 -1.016196299992e+011
 -3.566749885779e+010 -1.016311958959e+011
 -3.563446002014e+010 -1.016427509358e+011
 -3.560141737602e+010 -1.016542951177e+011
 -3.556837092896e+010 -1.016658284403e+011
 -3.553532068250e+010 -1.016773509024e+011
 -3.550226664016e+010 -1.016888625028e+011
 -3.546920880546e+010 -1.017003632401e+011
 -3.543614718195e+010 -1.017118531132e+011
 -3.540308177313e+010 -1.017233321209e+011
 -3.537001258255e+010 -1.017348002619e+011
 -3.533693961374e+010 -1.017462575349e+011
 -3.530386287022e+010 -1.017577039388e+011
 -3.527078235553e+010 -1.017691394723e+011
 -3.523769807319e+010 -1.017805641342e+011
 -3.520461002675e+010 -1.017919779233e+011
 -3.517151821972e+010 -1.018033808382e+011
 -3.513842265565e+010 -1.018147728779e+011
 -3.510532333806e+010 -1.018261540410e+011
 -3.507222027049e+010 -1.018375243264e+011
 -3.503911345647e+010 -1.018488837328e+011
 -3.500600289953e+010 -1.018602322590e+011
 -3.497288860322e+010 -1.018715699038e+011
 -3.493977057106e+010 -1.018828966660e+011
 -3.490664880659e+010 -1.018942125443e+011
 -3.487352331334e+010 -1.019055175376e+011
 -3.484039409485e+010 -1.019168116445e+011
 -3.480726115467e+010 -1.019280948640e+011
 -3.477412449631e+010 -1.019393671947e+011
 -3.474098412332e+010 -1.019506286355e+011
 -3.470784003924e+010 -1.019618791852e+011
 -3.467469224761e+010 -1.019731188426e+011
 -3.464154075196e+010 -1.019843476063e+011
 -3.460838555583e+010 -1.019955654753e+011
 -3.457522666276e+010 -1.020067724483e+011
 -3.454206407629e+010 -1.020179685242e+011
 -3.450889779996e+010 -1.020291537016e+011
 -3.447572783731e+010 -1.020403279795e+011
 -3.444255419188e+010 -1.020514913566e+011
 -3.440937686720e+010 -1.020626438317e+011
 -3.437619586684e+010 -1.020737854036e+011
 -3.434301119431e+010 -1.020849160711e+011
 -3.430982285317e+010 -1.020960358330e+011
 -3.427663084696e+010 -1.021071446881e+011
 -3.424343517921e+010 -1.021182426352e+011
 -3.421023585349e+010 -1.021293296732e+011
 -3.417703287331e+010 -1.021404058008e+011
 -3.414382624224e+010 -1.021514710168e+011
 -3.411061596382e+010 -1.021625253200e+011
 -3.407740204158e+010 -1.021735687093e+011
 -3.404418447908e+010 -1.021846011835e+011
 -3.401096327986e+010 -1.021956227414e+011
 -3.397773844746e+010 -1.022066333817e+011
 -3.394450998544e+010 -1.022176331034e+011
 -3.391127789733e+010 -1.022286219051e+011
 -3.387804218669e+010 -1.022395997858e+011
 -3.384480285706e+010 -1.022505667443e+011
 -3.381155991200e+010 -1.022615227793e+011
 -3.377831335504e+010 -1.022724678897e+011
 -3.374506318974e+010 -1.022834020743e+011
 -3.371180941964e+010 -1.022943253320e+011
 -3.367855204830e+010 -1.023052376615e+011
 -3.364529107926e+010 -1.023161390617e+011
 -3.361202651608e+010 -1.023270295314e+011
 -3.357875836230e+010 -1.023379090694e+011
 -3.354548662148e+010 -1.023487776746e+011
 -3.351221129716e+010 -1.023596353458e+011
 -3.347893239291e+010 -1.023704820818e+011
 -3.344564991226e+010 -1.023813178815e+011
 -3.341236385877e+010 -1.023921427437e+011
 -3.337907423600e+010 -1.024029566671e+011
 -3.334578104750e+010 -1.024137596507e+011
 -3.331248429681e+010 -1.024245516933e+011
 -3.327918398750e+010 -1.024353327938e+011
 -3.324588012312e+010 -1.024461029508e+011
 -3.321257270722e+010 -1.024568621634e+011
 -3.317926174336e+010 -1.024676104303e+011
 -3.314594723510e+010 -1.024783477505e+011
 -3.311262918598e+010 -1.024890741226e+011
 -3.307930759956e+010 -1.024997895456e+011
 -3.304598247941e+010 -1.025104940183e+011
 -3.301265382907e+010 -1.025211875396e+011
 -3.297932165211e+010 -1.025318701082e+011
 -3.294598595208e+010 -1.025425417232e+011
 -3.291264673254e+010 -1.025532023832e+011
 -3.287930399705e+010 -1.025638520872e+011
 -3.284595774916e+010 -1.025744908340e+011
 -3.281260799244e+010 -1.025851186224e+011
 -3.277925473044e+010 -1.025957354514e+011
 -3.274589796673e+010 -1.026063413197e+011
 -3.271253770486e+010 -1.026169362262e+011
 -3.267917394839e+010 -1.026275201698e+011
 -3.264580670089e+010 -1.026380931494e+011
 -3.261243596592e+010 -1.026486551637e+011
 -3.257906174703e+010 -1.026592062117e+011
 -3.254568404779e+010 -1.026697462922e+011
 -3.251230287177e+010 -1.026802754041e+011
 -3.247891822252e+010 -1.026907935463e+011
 -3.244553010360e+010 -1.027013007175e+011
 -3.241213851859e+010 -1.027117969168e+011
 -3.237874347104e+010 -1.027222821428e+011
 -3.234534496451e+010 -1.027327563946e+011
 -3.231194300258e+010 -1.027432196709e+011
 -3.227853758881e+010 -1.027536719708e+011
 -3.224512872676e+010 -1.027641132929e+011
 -3.221171642000e+010 -1.027745436362e+011
 -3.217830067209e+010 -1.027849629996e+011
 -3.214488148660e+010 -1.027953713819e+011
 -3.211145886710e+010 -1.028057687821e+011
 -3.207803281715e+010 -1.028161551989e+011
 -3.204460334032e+010 -1.028265306313e+011
 -3.201117044017e+010 -1.028368950782e+011
 -3.197773412029e+010 -1.028472485384e+011
 -3.194429438423e+010 -1.028575910109e+011
 -3.191085123556e+010 -1.028679224944e+011
 -3.187740467785e+010 -1.028782429879e+011
 -3.184395471468e+010 -1.028885524903e+011
 -3.181050134961e+010 -1.028988510005e+011
 -3.177704458620e+010 -1.029091385172e+011
 -3.174358442804e+010 -1.029194150396e+011
 -3.171012087870e+010 -1.029296805663e+011
 -3.167665394174e+010 -1.029399350964e+011
 -3.164318362073e+010 -1.029501786286e+011
 -3.160970991925e+010 -1.029604111620e+011
 -3.157623284087e+010 -1.029706326954e+011
 -3.154275238916e+010 -1.029808432276e+011
 -3.150926856770e+010 -1.029910427576e+011
 -3.147578138006e+010 -1.030012312844e+011
 -3.144229082981e+010 -1.030114088067e+011
 -3.140879692053e+010 -1.030215753234e+011
 -3.137529965579e+010 -1.030317308336e+011
 -3.134179903916e+010 -1.030418753360e+011
 -3.130829507423e+010 -1.030520088297e+011
 -3.127478776456e+010 -1.030621313134e+011
 -3.124127711373e+010 -1.030722427861e+011
 -3.120776312533e+010 -1.030823432468e+011
 -3.117424580291e+010 -1.030924326942e+011
 -3.114072515007e+010 -1.031025111274e+011
 -3.110720117038e+010 -1.031125785452e+011
 -3.107367386742e+010 -1.031226349466e+011
 -3.104014324476e+010 -1.031326803304e+011
 -3.100660930598e+010 -1.031427146955e+011
 -3.097307205467e+010 -1.031527380410e+011
 -3.093953149439e+010 -1.031627503657e+011
 -3.090598762874e+010 -1.031727516685e+011
 -3.087244046129e+010 -1.031827419483e+011
 -3.083888999561e+010 -1.031927212041e+011
 -3.080533623530e+010 -1.032026894347e+011
 -3.077177918392e+010 -1.032126466392e+011
 -3.073821884507e+010 -1.032225928163e+011
 -3.070465522232e+010 -1.032325279651e+011
 -3.067108831926e+010 -1.032424520845e+011
 -3.063751813946e+010 -1.032523651734e+011
 -3.060394468652e+010 -1.032622672307e+011
 -3.057036796401e+010 -1.032721582553e+011
 -3.053678797551e+010 -1.032820382463e+011
 -3.050320472461e+010 -1.032919072024e+011
 -3.046961821489e+010 -1.033017651227e+011
 -3.043602844995e+010 -1.033116120061e+011
 -3.040243543335e+010 -1.033214478514e+011
 -3.036883916869e+010 -1.033312726577e+011
 -3.033523965955e+010 -1.033410864239e+011
 -3.030163690952e+010 -1.033508891490e+011
 -3.026803092219e+010 -1.033606808317e+011
 -3.023442170113e+010 -1.033704614712e+011
 -3.020080924994e+010 -1.033802310663e+011
 -3.016719357220e+010 -1.033899896160e+011
 -3.013357467150e+010 -1.033997371192e+011
 -3.009995255143e+010 -1.034094735749e+011
 -3.006632721558e+010 -1.034191989820e+011
 -3.003269866753e+010 -1.034289133394e+011
 -2.999906691088e+010 -1.034386166462e+011
 -2.996543194921e+010 -1.034483089012e+011
 -2.993179378610e+010 -1.034579901034e+011
 -2.989815242516e+010 -1.034676602518e+011
 -2.986450786997e+010 -1.034773193453e+011
 -2.983086012413e+010 -1.034869673828e+011
 -2.979720919121e+010 -1.034966043634e+011
 -2.976355507482e+010 -1.035062302859e+011
 -2.972989777854e+010 -1.035158451494e+011
 -2.969623730597e+010 -1.035254489527e+011
 -2.966257366069e+010 -1.035350416949e+011
 -2.962890684631e+010 -1.035446233749e+011
 -2.959523686641e+010 -1.035541939917e+011
 -2.956156372458e+010 -1.035637535442e+011
 -2.952788742443e+010 -1.035733020314e+011
 -2.949420796954e+010 -1.035828394523e+011
 -2.946052536350e+010 -1.035923658057e+011
 -2.942683960992e+010 -1.036018810908e+011
 -2.939315071239e+010 -1.036113853065e+011
 -2.935945867449e+010 -1.036208784516e+011
 -2.932576349983e+010 -1.036303605253e+011
 -2.929206519201e+010 -1.036398315264e+011
 -2.925836375461e+010 -1.036492914540e+011
 -2.922465919124e+010 -1.036587403070e+011
 -2.919095150549e+010 -1.036681780844e+011
 -2.915724070096e+010 -1.036776047852e+011
 -2.912352678125e+010 -1.036870204083e+011
 -2.908980974995e+010 -1.036964249527e+011
 -2.905608961066e+010 -1.037058184174e+011
 -2.902236636698e+010 -1.037152008015e+011
 -2.898864002251e+010 -1.037245721038e+011
 -2.895491058085e+010 -1.037339323233e+011
 -2.892117804560e+010 -1.037432814591e+011
 -2.888744242035e+010 -1.037526195101e+011
 -2.885370370871e+010 -1.037619464753e+011
 -2.881996191428e+010 -1.037712623537e+011
 -2.878621704065e+010 -1.037805671442e+011
 -2.875246909144e+010 -1.037898608460e+011
 -2.871871807023e+010 -1.037991434579e+011
 -2.868496398064e+010 -1.038084149790e+011
 -2.865120682626e+010 -1.038176754082e+011
 -2.861744661069e+010 -1.038269247446e+011
 -2.858368333755e+010 -1.038361629871e+011
 -2.854991701043e+010 -1.038453901347e+011
 -2.851614763293e+010 -1.038546061865e+011
 -2.848237520866e+010 -1.038638111414e+011
 -2.844859974122e+010 -1.038730049984e+011
 -2.841482123422e+010 -1.038821877566e+011
 -2.838103969126e+010 -1.038913594149e+011
 -2.834725511595e+010 -1.039005199723e+011
 -2.831346751189e+010 -1.039096694279e+011
 -2.827967688269e+010 -1.039188077807e+011
 -2.824588323195e+010 -1.039279350296e+011
 -2.821208656328e+010 -1.039370511736e+011
 -2.817828688028e+010 -1.039461562119e+011
 -2.814448418657e+010 -1.039552501433e+011
 -2.811067848574e+010 -1.039643329669e+011
 -2.807686978142e+010 -1.039734046818e+011
 -2.804305807719e+010 -1.039824652868e+011
 -2.800924337668e+010 -1.039915147811e+011
 -2.797542568350e+010 -1.040005531637e+011
 -2.794160500124e+010 -1.040095804335e+011
 -2.790778133352e+010 -1.040185965896e+011
 -2.787395468395e+010 -1.040276016310e+011
 -2.784012505614e+010 -1.040365955568e+011
 -2.780629245369e+010 -1.040455783659e+011
 -2.777245688023e+010 -1.040545500574e+011
 -2.773861833935e+010 -1.040635106302e+011
 -2.770477683468e+010 -1.040724600835e+011
 -2.767093236981e+010 -1.040813984163e+011
 -2.763708494837e+010 -1.040903256275e+011
 -2.760323457397e+010 -1.040992417163e+011
 -2.756938125021e+010 -1.041081466816e+011
 -2.753552498071e+010 -1.041170405224e+011
 -2.750166576908e+010 -1.041259232379e+011
 -2.746780361894e+010 -1.041347948269e+011
 -2.743393853390e+010 -1.041436552887e+011
 -2.740007051758e+010 -1.041525046222e+011
 -2.736619957358e+010 -1.041613428264e+011
 -2.733232570552e+010 -1.041701699003e+011
 -2.729844891701e+010 -1.041789858431e+011
 -2.726456921168e+010 -1.041877906538e+011
 -2.723068659314e+010 -1.041965843313e+011
 -2.719680106500e+010 -1.042053668748e+011
 -2.716291263088e+010 -1.042141382833e+011
 -2.712902129439e+010 -1.042228985558e+011
 -2.709512705915e+010 -1.042316476914e+011
 -2.706122992879e+010 -1.042403856891e+011
 -2.702732990690e+010 -1.042491125480e+011
 -2.699342699712e+010 -1.042578282671e+011
 -2.695952120307e+010 -1.042665328455e+011
 -2.692561252835e+010 -1.042752262822e+011
 -2.689170097659e+010 -1.042839085763e+011
 -2.685778655140e+010 -1.042925797268e+011
 -2.682386925641e+010 -1.043012397328e+011
 -2.678994909524e+010 -1.043098885933e+011
 -2.675602607150e+010 -1.043185263074e+011
 -2.672210018882e+010 -1.043271528742e+011
 -2.668817145081e+010 -1.043357682927e+011
 -2.665423986109e+010 -1.043443725620e+011
 -2.662030542329e+010 -1.043529656811e+011
 -2.658636814103e+010 -1.043615476492e+011
 -2.655242801793e+010 -1.043701184651e+011
 -2.651848505761e+010 -1.043786781282e+011
 -2.648453926370e+010 -1.043872266373e+011
 -2.645059063981e+010 -1.043957639916e+011
 -2.641663918957e+010 -1.044042901901e+011
 -2.638268491659e+010 -1.044128052319e+011
 -2.634872782452e+010 -1.044213091162e+011
 -2.631476791696e+010 -1.044298018418e+011
 -2.628080519755e+010 -1.044382834080e+011
 -2.624683966990e+010 -1.044467538138e+011
 -2.621287133764e+010 -1.044552130582e+011
 -2.617890020440e+010 -1.044636611404e+011
 -2.614492627380e+010 -1.044720980595e+011
 -2.611094954947e+010 -1.044805238144e+011
 -2.607697003503e+010 -1.044889384043e+011
 -2.604298773411e+010 -1.044973418283e+011
 -2.600900265034e+010 -1.045057340855e+011
 -2.597501478733e+010 -1.045141151749e+011
 -2.594102414873e+010 -1.045224850956e+011
 -2.590703073815e+010 -1.045308438467e+011
 -2.587303455922e+010 -1.045391914273e+011
 -2.583903561558e+010 -1.045475278365e+011
 -2.580503391085e+010 -1.045558530733e+011
 -2.577102944865e+010 -1.045641671369e+011
 -2.573702223262e+010 -1.045724700264e+011
 -2.570301226639e+010 -1.045807617408e+011
 -2.566899955358e+010 -1.045890422793e+011
 -2.563498409782e+010 -1.045973116409e+011
 -2.560096590275e+010 -1.046055698247e+011
 -2.556694497200e+010 -1.046138168299e+011
 -2.553292130919e+010 -1.046220526555e+011
 -2.549889491796e+010 -1.046302773006e+011
 -2.546486580193e+010 -1.046384907644e+011
 -2.543083396475e+010 -1.046466930459e+011
 -2.539679941003e+010 -1.046548841442e+011
 -2.536276214142e+010 -1.046630640585e+011
 -2.532872216254e+010 -1.046712327878e+011
 -2.529467947703e+010 -1.046793903313e+011
 -2.526063408852e+010 -1.046875366880e+011
 -2.522658600064e+010 -1.046956718571e+011
 -2.519253521703e+010 -1.047037958377e+011
 -2.515848174133e+010 -1.047119086289e+011
 -2.512442557715e+010 -1.047200102298e+011
 -2.509036672815e+010 -1.047281006395e+011
 -2.505630519794e+010 -1.047361798571e+011
 -2.502224099018e+010 -1.047442478818e+011
 -2.498817410849e+010 -1.047523047126e+011
 -2.495410455651e+010 -1.047603503488e+011
 -2.492003233788e+010 -1.047683847893e+011
 -2.488595745622e+010 -1.047764080334e+011
 -2.485187991518e+010 -1.047844200801e+011
 -2.481779971840e+010 -1.047924209286e+011
 -2.478371686951e+010 -1.048004105779e+011
 -2.474963137215e+010 -1.048083890273e+011
 -2.471554322995e+010 -1.048163562759e+011
 -2.468145244656e+010 -1.048243123227e+011
 -2.464735902560e+010 -1.048322571669e+011
 -2.461326297073e+010 -1.048401908077e+011
 -2.457916428558e+010 -1.048481132441e+011
 -2.454506297378e+010 -1.048560244753e+011
 -2.451095903898e+010 -1.048639245004e+011
 -2.447685248481e+010 -1.048718133186e+011
 -2.444274331493e+010 -1.048796909290e+011
 -2.440863153295e+010 -1.048875573308e+011
 -2.437451714254e+010 -1.048954125230e+011
 -2.434040014732e+010 -1.049032565048e+011
 -2.430628055094e+010 -1.049110892754e+011
 -2.427215835704e+010 -1.049189108339e+011
 -2.423803356925e+010 -1.049267211794e+011
 -2.420390619124e+010 -1.049345203111e+011
 -2.416977622662e+010 -1.049423082281e+011
 -2.413564367905e+010 -1.049500849296e+011
 -2.410150855217e+010 -1.049578504147e+011
 -2.406737084963e+010 -1.049656046825e+011
 -2.403323057505e+010 -1.049733477323e+011
 -2.399908773210e+010 -1.049810795632e+011
 -2.396494232441e+010 -1.049888001743e+011
 -2.393079435562e+010 -1.049965095647e+011
 -2.389664382939e+010 -1.050042077337e+011
 -2.386249074935e+010 -1.050118946803e+011
 -2.382833511915e+010 -1.050195704038e+011
 -2.379417694244e+010 -1.050272349033e+011
 -2.376001622285e+010 -1.050348881780e+011
 -2.372585296405e+010 -1.050425302269e+011
 -2.369168716966e+010 -1.050501610494e+011
 -2.365751884334e+010 -1.050577806444e+011
 -2.362334798874e+010 -1.050653890113e+011
 -2.358917460950e+010 -1.050729861491e+011
 -2.355499870927e+010 -1.050805720571e+011
 -2.352082029169e+010 -1.050881467344e+011
 -2.348663936042e+010 -1.050957101801e+011
 -2.345245591909e+010 -1.051032623935e+011
 -2.341826997137e+010 -1.051108033736e+011
 -2.338408152090e+010 -1.051183331198e+011
 -2.334989057132e+010 -1.051258516311e+011
 -2.331569712628e+010 -1.051333589067e+011
 -2.328150118944e+010 -1.051408549458e+011
 -2.324730276445e+010 -1.051483397476e+011
 -2.321310185494e+010 -1.051558133113e+011
 -2.317889846459e+010 -1.051632756359e+011
 -2.314469259702e+010 -1.051707267208e+011
 -2.311048425590e+010 -1.051781665651e+011
 -2.307627344488e+010 -1.051855951680e+011
 -2.304206016760e+010 -1.051930125286e+011
 -2.300784442772e+010 -1.052004186461e+011
 -2.297362622889e+010 -1.052078135198e+011
 -2.293940557476e+010 -1.052151971487e+011
 -2.290518246899e+010 -1.052225695322e+011
 -2.287095691522e+010 -1.052299306694e+011
 -2.283672891711e+010 -1.052372805594e+011
 -2.280249847831e+010 -1.052446192015e+011
 -2.276826560248e+010 -1.052519465949e+011
 -2.273403029326e+010 -1.052592627387e+011
 -2.269979255432e+010 -1.052665676322e+011
 -2.266555238930e+010 -1.052738612745e+011
 -2.263130980187e+010 -1.052811436649e+011
 -2.259706479567e+010 -1.052884148025e+011
 -2.256281737436e+010 -1.052956746866e+011
 -2.252856754159e+010 -1.053029233162e+011
 -2.249431530103e+010 -1.053101606908e+011
 -2.246006065632e+010 -1.053173868093e+011
 -2.242580361112e+010 -1.053246016712e+011
 -2.239154416909e+010 -1.053318052754e+011
 -2.235728233389e+010 -1.053389976214e+011
 -2.232301810917e+010 -1.053461787081e+011
 -2.228875149858e+010 -1.053533485350e+011
 -2.225448250579e+010 -1.053605071012e+011
 -2.222021113445e+010 -1.053676544058e+011
 -2.218593738823e+010 -1.053747904482e+011
 -2.215166127077e+010 -1.053819152275e+011
 -2.211738278574e+010 -1.053890287429e+011
 -2.208310193680e+010 -1.053961309936e+011
 -2.204881872759e+010 -1.054032219790e+011
 -2.201453316180e+010 -1.054103016981e+011
 -2.198024524306e+010 -1.054173701502e+011
 -2.194595497505e+010 -1.054244273346e+011
 -2.191166236141e+010 -1.054314732503e+011
 -2.187736740582e+010 -1.054385078968e+011
 -2.184307011194e+010 -1.054455312732e+011
 -2.180877048341e+010 -1.054525433786e+011
 -2.177446852391e+010 -1.054595442124e+011
 -2.174016423709e+010 -1.054665337738e+011
 -2.170585762662e+010 -1.054735120620e+011
 -2.167154869615e+010 -1.054804790762e+011
 -2.163723744936e+010 -1.054874348156e+011
 -2.160292388989e+010 -1.054943792796e+011
 -2.156860802142e+010 -1.055013124673e+011
 -2.153428984761e+010 -1.055082343779e+011
 -2.149996937211e+010 -1.055151450107e+011
 -2.146564659860e+010 -1.055220443650e+011
 -2.143132153073e+010 -1.055289324399e+011
 -2.139699417218e+010 -1.055358092347e+011
 -2.136266452659e+010 -1.055426747486e+011
 -2.132833259764e+010 -1.055495289810e+011
 -2.129399838900e+010 -1.055563719310e+011
 -2.125966190432e+010 -1.055632035978e+011
 -2.122532314727e+010 -1.055700239808e+011
 -2.119098212152e+010 -1.055768330791e+011
 -2.115663883073e+010 -1.055836308920e+011
 -2.112229327856e+010 -1.055904174188e+011
 -2.108794546869e+010 -1.055971926587e+011
 -2.105359540478e+010 -1.056039566109e+011
 -2.101924309050e+010 -1.056107092748e+011
 -2.098488852950e+010 -1.056174506495e+011
 -2.095053172547e+010 -1.056241807343e+011
 -2.091617268206e+010 -1.056308995285e+011
 -2.088181140295e+010 -1.056376070313e+011
 -2.084744789179e+010 -1.056443032420e+011
 -2.081308215227e+010 -1.056509881598e+011
 -2.077871418804e+010 -1.056576617841e+011
 -2.074434400278e+010 -1.056643241139e+011
 -2.070997160016e+010 -1.056709751488e+011
 -2.067559698383e+010 -1.056776148878e+011
 -2.064122015748e+010 -1.056842433302e+011
 -2.060684112477e+010 -1.056908604754e+011
 -2.057245988937e+010 -1.056974663225e+011
 -2.053807645495e+010 -1.057040608709e+011
 -2.050369082518e+010 -1.057106441198e+011
 -2.046930300373e+010 -1.057172160685e+011
 -2.043491299428e+010 -1.057237767163e+011
 -2.040052080049e+010 -1.057303260624e+011
 -2.036612642603e+010 -1.057368641061e+011
 -2.033172987457e+010 -1.057433908467e+011
 -2.029733114979e+010 -1.057499062834e+011
 -2.026293025536e+010 -1.057564104156e+011
 -2.022852719495e+010 -1.057629032425e+011
 -2.019412197223e+010 -1.057693847633e+011
 -2.015971459088e+010 -1.057758549775e+011
 -2.012530505456e+010 -1.057823138842e+011
 -2.009089336696e+010 -1.057887614827e+011
 -2.005647953174e+010 -1.057951977724e+011
 -2.002206355257e+010 -1.058016227524e+011
 -1.998764543314e+010 -1.058080364222e+011
 -1.995322517711e+010 -1.058144387809e+011
 -1.991880278816e+010 -1.058208298279e+011
 -1.988437826996e+010 -1.058272095625e+011
 -1.984995162619e+010 -1.058335779839e+011
 -1.981552286052e+010 -1.058399350915e+011
 -1.978109197663e+010 -1.058462808844e+011
 -1.974665897819e+010 -1.058526153622e+011
 -1.971222386889e+010 -1.058589385239e+011
 -1.967778665238e+010 -1.058652503690e+011
 -1.964334733236e+010 -1.058715508967e+011
 -1.960890591249e+010 -1.058778401063e+011
 -1.957446239646e+010 -1.058841179971e+011
 -1.954001678794e+010 -1.058903845684e+011
 -1.950556909060e+010 -1.058966398196e+011
 -1.947111930813e+010 -1.059028837499e+011
 -1.943666744420e+010 -1.059091163586e+011
 -1.940221350249e+010 -1.059153376451e+011
 -1.936775748667e+010 -1.059215476086e+011
 -1.933329940043e+010 -1.059277462485e+011
 -1.929883924745e+010 -1.059339335640e+011
 -1.926437703139e+010 -1.059401095545e+011
 -1.922991275595e+010 -1.059462742193e+011
 -1.919544642480e+010 -1.059524275577e+011
 -1.916097804162e+010 -1.059585695691e+011
 -1.912650761008e+010 -1.059647002526e+011
 -1.909203513388e+010 -1.059708196077e+011
 -1.905756061668e+010 -1.059769276337e+011
 -1.902308406217e+010 -1.059830243298e+011
 -1.898860547403e+010 -1.059891096955e+011
 -1.895412485594e+010 -1.059951837300e+011
 -1.891964221158e+010 -1.060012464326e+011
 -1.888515754464e+010 -1.060072978027e+011
 -1.885067085878e+010 -1.060133378396e+011
 -1.881618215770e+010 -1.060193665426e+011
 -1.878169144508e+010 -1.060253839111e+011
 -1.874719872460e+010 -1.060313899443e+011
 -1.871270399994e+010 -1.060373846417e+011
 -1.867820727478e+010 -1.060433680025e+011
 -1.864370855280e+010 -1.060493400261e+011
 -1.860920783770e+010 -1.060553007118e+011
 -1.857470513314e+010 -1.060612500589e+011
 -1.854020044283e+010 -1.060671880668e+011
 -1.850569377043e+010 -1.060731147348e+011
 -1.847118511963e+010 -1.060790300622e+011
 -1.843667449412e+010 -1.060849340484e+011
 -1.840216189758e+010 -1.060908266928e+011
 -1.836764733370e+010 -1.060967079946e+011
 -1.833313080616e+010 -1.061025779533e+011
 -1.829861231864e+010 -1.061084365681e+011
 -1.826409187483e+010 -1.061142838384e+011
 -1.822956947842e+010 -1.061201197635e+011
 -1.819504513309e+010 -1.061259443429e+011
 -1.816051884252e+010 -1.061317575758e+011
 -1.812599061041e+010 -1.061375594615e+011
 -1.809146044044e+010 -1.061433499995e+011
 -1.805692833629e+010 -1.061491291891e+011
 -1.802239430166e+010 -1.061548970297e+011
 -1.798785834022e+010 -1.061606535205e+011
 -1.795332045567e+010 -1.061663986610e+011
 -1.791878065170e+010 -1.061721324505e+011
 -1.788423893198e+010 -1.061778548884e+011
 -1.784969530021e+010 -1.061835659740e+011
 -1.781514976009e+010 -1.061892657067e+011
 -1.778060231528e+010 -1.061949540859e+011
 -1.774605296949e+010 -1.062006311108e+011
 -1.771150172640e+010 -1.062062967810e+011
 -1.767694858970e+010 -1.062119510957e+011
 -1.764239356309e+010 -1.062175940542e+011
 -1.760783665024e+010 -1.062232256561e+011
 -1.757327785485e+010 -1.062288459006e+011
 -1.753871718060e+010 -1.062344547871e+011
 -1.750415463120e+010 -1.062400523150e+011
 -1.746959021032e+010 -1.062456384836e+011
 -1.743502392167e+010 -1.062512132923e+011
 -1.740045576892e+010 -1.062567767406e+011
 -1.736588575577e+010 -1.062623288277e+011
 -1.733131388591e+010 -1.062678695531e+011
 -1.729674016304e+010 -1.062733989161e+011
 -1.726216459084e+010 -1.062789169161e+011
 -1.722758717300e+010 -1.062844235525e+011
 -1.719300791322e+010 -1.062899188247e+011
 -1.715842681519e+010 -1.062954027320e+011
 -1.712384388260e+010 -1.063008752739e+011
 -1.708925911914e+010 -1.063063364496e+011
 -1.705467252851e+010 -1.063117862587e+011
 -1.702008411439e+010 -1.063172247004e+011
 -1.698549388049e+010 -1.063226517743e+011
 -1.695090183050e+010 -1.063280674796e+011
 -1.691630796810e+010 -1.063334718158e+011
 -1.688171229700e+010 -1.063388647822e+011
 -1.684711482088e+010 -1.063442463782e+011
 -1.681251554344e+010 -1.063496166033e+011
 -1.677791446838e+010 -1.063549754568e+011
 -1.674331159938e+010 -1.063603229382e+011
 -1.670870694015e+010 -1.063656590467e+011
 -1.667410049438e+010 -1.063709837819e+011
 -1.663949226576e+010 -1.063762971431e+011
 -1.660488225799e+010 -1.063815991298e+011
 -1.657027047477e+010 -1.063868897413e+011
 -1.653565691978e+010 -1.063921689770e+011
 -1.650104159673e+010 -1.063974368363e+011
 -1.646642450932e+010 -1.064026933187e+011
 -1.643180566123e+010 -1.064079384235e+011
 -1.639718505617e+010 -1.064131721501e+011
 -1.636256269782e+010 -1.064183944981e+011
 -1.632793858990e+010 -1.064236054667e+011
 -1.629331273610e+010 -1.064288050554e+011
 -1.625868514010e+010 -1.064339932636e+011
 -1.622405580562e+010 -1.064391700907e+011
 -1.618942473635e+010 -1.064443355361e+011
 -1.615479193598e+010 -1.064494895993e+011
 -1.612015740821e+010 -1.064546322796e+011
 -1.608552115675e+010 -1.064597635765e+011
 -1.605088318530e+010 -1.064648834894e+011
 -1.601624349754e+010 -1.064699920177e+011
 -1.598160209718e+010 -1.064750891609e+011
 -1.594695898791e+010 -1.064801749183e+011
 -1.591231417345e+010 -1.064852492895e+011
 -1.587766765748e+010 -1.064903122737e+011
 -1.584301944371e+010 -1.064953638705e+011
 -1.580836953583e+010 -1.065004040792e+011
 -1.577371793756e+010 -1.065054328994e+011
 -1.573906465257e+010 -1.065104503304e+011
 -1.570440968459e+010 -1.065154563716e+011
 -1.566975303730e+010 -1.065204510225e+011
 -1.563509471442e+010 -1.065254342826e+011
 -1.560043471963e+010 -1.065304061512e+011
 -1.556577305664e+010 -1.065353666278e+011
 -1.553110972916e+010 -1.065403157119e+011
 -1.549644474088e+010 -1.065452534028e+011
 -1.546177809550e+010 -1.065501797001e+011
 -1.542710979674e+010 -1.065550946030e+011
 -1.539243984828e+010 -1.065599981112e+011
 -1.535776825384e+010 -1.065648902241e+011
 -1.532309501711e+010 -1.065697709410e+011
 -1.528842014180e+010 -1.065746402614e+011
 -1.525374363162e+010 -1.065794981848e+011
 -1.521906549025e+010 -1.065843447107e+011
 -1.518438572141e+010 -1.065891798384e+011
 -1.514970432881e+010 -1.065940035674e+011
 -1.511502131614e+010 -1.065988158973e+011
 -1.508033668711e+010 -1.066036168273e+011
 -1.504565044542e+010 -1.066084063570e+011
 -1.501096259477e+010 -1.066131844859e+011
 -1.497627313888e+010 -1.066179512133e+011
 -1.494158208145e+010 -1.066227065388e+011
 -1.490688942618e+010 -1.066274504618e+011
 -1.487219517677e+010 -1.066321829818e+011
 -1.483749933693e+010 -1.066369040982e+011
 -1.480280191038e+010 -1.066416138105e+011
 -1.476810290080e+010 -1.066463121182e+011
 -1.473340231191e+010 -1.066509990206e+011
 -1.469870014742e+010 -1.066556745174e+011
 -1.466399641102e+010 -1.066603386079e+011
 -1.462929110644e+010 -1.066649912916e+011
 -1.459458423736e+010 -1.066696325680e+011
 -1.455987580751e+010 -1.066742624366e+011
 -1.452516582058e+010 -1.066788808968e+011
 -1.449045428029e+010 -1.066834879481e+011
 -1.445574119033e+010 -1.066880835899e+011
 -1.442102655443e+010 -1.066926678218e+011
 -1.438631037628e+010 -1.066972406433e+011
 -1.435159265960e+010 -1.067018020537e+011
 -1.431687340808e+010 -1.067063520527e+011
 -1.428215262545e+010 -1.067108906396e+011
 -1.424743031541e+010 -1.067154178139e+011
 -1.421270648166e+010 -1.067199335752e+011
 -1.417798112792e+010 -1.067244379228e+011
 -1.414325425789e+010 -1.067289308564e+011
 -1.410852587528e+010 -1.067334123753e+011
 -1.407379598381e+010 -1.067378824791e+011
 -1.403906458718e+010 -1.067423411673e+011
 -1.400433168910e+010 -1.067467884393e+011
 -1.396959729328e+010 -1.067512242946e+011
 -1.393486140344e+010 -1.067556487328e+011
 -1.390012402327e+010 -1.067600617532e+011
 -1.386538515650e+010 -1.067644633555e+011
 -1.383064480683e+010 -1.067688535391e+011
 -1.379590297797e+010 -1.067732323035e+011
 -1.376115967363e+010 -1.067775996481e+011
 -1.372641489753e+010 -1.067819555726e+011
 -1.369166865338e+010 -1.067863000764e+011
 -1.365692094488e+010 -1.067906331589e+011
 -1.362217177575e+010 -1.067949548198e+011
 -1.358742114970e+010 -1.067992650585e+011
 -1.355266907044e+010 -1.068035638745e+011
 -1.351791554169e+010 -1.068078512672e+011
 -1.348316056715e+010 -1.068121272363e+011
 -1.344840415054e+010 -1.068163917813e+011
 -1.341364629557e+010 -1.068206449015e+011
 -1.337888700595e+010 -1.068248865967e+011
 -1.334412628541e+010 -1.068291168661e+011
 -1.330936413764e+010 -1.068333357095e+011
 -1.327460056636e+010 -1.068375431262e+011
 -1.323983557529e+010 -1.068417391158e+011
 -1.320506916814e+010 -1.068459236779e+011
 -1.317030134862e+010 -1.068500968118e+011
 -1.313553212046e+010 -1.068542585173e+011
 -1.310076148735e+010 -1.068584087936e+011
 -1.306598945301e+010 -1.068625476405e+011
 -1.303121602117e+010 -1.068666750574e+011
 -1.299644119553e+010 -1.068707910439e+011
 -1.296166497982e+010 -1.068748955994e+011
 -1.292688737773e+010 -1.068789887234e+011
 -1.289210839300e+010 -1.068830704156e+011
 -1.285732802933e+010 -1.068871406755e+011
 -1.282254629043e+010 -1.068911995025e+011
 -1.278776318004e+010 -1.068952468962e+011
 -1.275297870185e+010 -1.068992828561e+011
 -1.271819285960e+010 -1.069033073818e+011
 -1.268340565698e+010 -1.069073204729e+011
 -1.264861709773e+010 -1.069113221287e+011
 -1.261382718555e+010 -1.069153123489e+011
 -1.257903592416e+010 -1.069192911330e+011
 -1.254424331728e+010 -1.069232584806e+011
 -1.250944936863e+010 -1.069272143911e+011
 -1.247465408191e+010 -1.069311588642e+011
 -1.243985746086e+010 -1.069350918994e+011
 -1.240505950919e+010 -1.069390134961e+011
 -1.237026023061e+010 -1.069429236540e+011
 -1.233545962884e+010 -1.069468223727e+011
 -1.230065770761e+010 -1.069507096515e+011
 -1.226585447062e+010 -1.069545854902e+011
 -1.223104992159e+010 -1.069584498882e+011
 -1.219624406425e+010 -1.069623028451e+011
 -1.216143690232e+010 -1.069661443605e+011
 -1.212662843951e+010 -1.069699744338e+011
 -1.209181867953e+010 -1.069737930648e+011
 -1.205700762612e+010 -1.069776002528e+011
 -1.202219528298e+010 -1.069813959975e+011
 -1.198738165384e+010 -1.069851802984e+011
 -1.195256674242e+010 -1.069889531551e+011
 -1.191775055244e+010 -1.069927145671e+011
 -1.188293308761e+010 -1.069964645341e+011
 -1.184811435165e+010 -1.070002030555e+011
 -1.181329434830e+010 -1.070039301309e+011
 -1.177847308125e+010 -1.070076457599e+011
 -1.174365055425e+010 -1.070113499421e+011
 -1.170882677100e+010 -1.070150426771e+011
 -1.167400173523e+010 -1.070187239643e+011
 -1.163917545066e+010 -1.070223938033e+011
 -1.160434792101e+010 -1.070260521938e+011
 -1.156951915000e+010 -1.070296991354e+011
 -1.153468914135e+010 -1.070333346275e+011
 -1.149985789878e+010 -1.070369586697e+011
 -1.146502542602e+010 -1.070405712617e+011
 -1.143019172678e+010 -1.070441724030e+011
 -1.139535680480e+010 -1.070477620931e+011
 -1.136052066378e+010 -1.070513403317e+011
 -1.132568330745e+010 -1.070549071184e+011
 -1.129084473954e+010 -1.070584624527e+011
 -1.125600496377e+010 -1.070620063342e+011
 -1.122116398385e+010 -1.070655387624e+011
 -1.118632180352e+010 -1.070690597371e+011
 -1.115147842649e+010 -1.070725692577e+011
 -1.111663385649e+010 -1.070760673238e+011
 -1.108178809725e+010 -1.070795539351e+011
 -1.104694115247e+010 -1.070830290911e+011
 -1.101209302590e+010 -1.070864927914e+011
 -1.097724372125e+010 -1.070899450356e+011
 -1.094239324224e+010 -1.070933858234e+011
 -1.090754159260e+010 -1.070968151542e+011
 -1.087268877606e+010 -1.071002330277e+011
 -1.083783479633e+010 -1.071036394434e+011
 -1.080297965714e+010 -1.071070344011e+011
 -1.076812336223e+010 -1.071104179002e+011
 -1.073326591530e+010 -1.071137899404e+011
 -1.069840732009e+010 -1.071171505213e+011
 -1.066354758032e+010 -1.071204996425e+011
 -1.062868669971e+010 -1.071238373036e+011
 -1.059382468200e+010 -1.071271635041e+011
 -1.055896153090e+010 -1.071304782438e+011
 -1.052409725015e+010 -1.071337815222e+011
 -1.048923184346e+010 -1.071370733388e+011
 -1.045436531457e+010 -1.071403536934e+011
 -1.041949766719e+010 -1.071436225856e+011
 -1.038462890506e+010 -1.071468800148e+011
 -1.034975903191e+010 -1.071501259809e+011
 -1.031488805145e+010 -1.071533604833e+011
 -1.028001596741e+010 -1.071565835217e+011
 -1.024514278352e+010 -1.071597950957e+011
 -1.021026850352e+010 -1.071629952049e+011
 -1.017539313111e+010 -1.071661838489e+011
 -1.014051667004e+010 -1.071693610274e+011
 -1.010563912403e+010 -1.071725267400e+011
 -1.007076049680e+010 -1.071756809863e+011
 -1.003588079209e+010 -1.071788237660e+011
 -1.000100001362e+010 -1.071819550786e+011
 -9.966118165112e+009 -1.071850749237e+011
 -9.931235250304e+009 -1.071881833011e+011
 -9.896351272921e+009 -1.071912802103e+011
 -9.861466236690e+009 -1.071943656510e+011
 -9.826580145340e+009 -1.071974396227e+011
 -9.791693002599e+009 -1.072005021252e+011
 -9.756804812196e+009 -1.072035531581e+011
 -9.721915577859e+009 -1.072065927209e+011
 -9.687025303317e+009 -1.072096208134e+011
 -9.652133992299e+009 -1.072126374352e+011
 -9.617241648533e+009 -1.072156425858e+011
 -9.582348275751e+009 -1.072186362650e+011
 -9.547453877679e+009 -1.072216184724e+011
 -9.512558458048e+009 -1.072245892076e+011
 -9.477662020588e+009 -1.072275484703e+011
 -9.442764569028e+009 -1.072304962601e+011
 -9.407866107098e+009 -1.072334325766e+011
 -9.372966638528e+009 -1.072363574195e+011
 -9.338066167048e+009 -1.072392707885e+011
 -9.303164696387e+009 -1.072421726832e+011
 -9.268262230278e+009 -1.072450631033e+011
 -9.233358772449e+009 -1.072479420483e+011
 -9.198454326632e+009 -1.072508095180e+011
 -9.163548896558e+009 -1.072536655120e+011
 -9.128642485956e+009 -1.072565100300e+011
 -9.093735098559e+009 -1.072593430716e+011
 -9.058826738096e+009 -1.072621646364e+011
 -9.023917408301e+009 -1.072649747242e+011
 -8.989007112903e+009 -1.072677733346e+011
 -8.954095855634e+009 -1.072705604672e+011
 -8.919183640226e+009 -1.072733361217e+011
 -8.884270470411e+009 -1.072761002978e+011
 -8.849356349920e+009 -1.072788529952e+011
 -8.814441282486e+009 -1.072815942134e+011
 -8.779525271840e+009 -1.072843239522e+011
 -8.744608321715e+009 -1.072870422113e+011
 -8.709690435843e+009 -1.072897489902e+011
 -8.674771617957e+009 -1.072924442888e+011
 -8.639851871789e+009 -1.072951281066e+011
 -8.604931201072e+009 -1.072978004433e+011
 -8.570009609538e+009 -1.073004612985e+011
 -8.535087100921e+009 -1.073031106721e+011
 -8.500163678954e+009 -1.073057485636e+011
 -8.465239347370e+009 -1.073083749727e+011
 -8.430314109902e+009 -1.073109898992e+011
 -8.395387970284e+009 -1.073135933426e+011
 -8.360460932249e+009 -1.073161853026e+011
 -8.325532999531e+009 -1.073187657790e+011
 -8.290604175863e+009 -1.073213347714e+011
 -8.255674464981e+009 -1.073238922796e+011
